0  
0  
0  
0  
7  
0  
7  
0  
7  
0  
7  
0  
7  
0  
7  
0  
7  
0  
7  
0  
7  
0  
7  
0  
7  
0  
7  
0  
7  
0  
7  
0  
7  
0  
7  
0  
7  
0  
7  
0  
7  
9  
0  
7  
9  
0  
7  
9  
0  
9  
7  
0  
9  
7  
9  
0  
7  
9  
0  
7  
9  
0  
2  
7  
9  
0  
2  
7  
9  
0  
2  
7  
9  
0  
2  
7  
9  
0  
2  
7  
9  
0  
2  
7  
9  
0  
2  
7  
9  
0  
2  
7  
9  
0  
2  
7  
9  
0  
7  
2  
0  
9  
7  
2  
0  
9  
7  
2  
3  
0  
9  
7  
2  
3  
0  
9  
7  
2  
3  
6  
0  
9  
7  
2  
3  
6  
5  
9  
0  
2  
7  
6  
3  
5  
9  
0  
2  
7  
4  
6  
3  
5  
9  
0  
2  
7  
4  
6  
3  
5  
9  
0  
2  
1  
6  
7  
4  
5  
3  
9  
2  
0  
1  
6  
7  
4  
5  
3  
9  
2  
0  
1  
6  
8  
7  
4  
5  
3  
9  
2  
0  
1  
6  
8  
7  
4  
5  
9  
3  
2  
0  
1  
6  
8  
5  
7  
4  
9  
3  
2  
0  
1  
6  
8  
5  
7  
4  
9  
3  
2  
0  
1  
6  
8  
5  
7  
4  
9  
3  
2  
0  
1  
6  
8  
5  
7  
4  
9  
3  
2  
0  
1  
6  
8  
5  
7  
4  
9  
3  
2  
0  
1  
6  
8  
7  
5  
4  
9  
3  
2  
0  
1  
6  
8  
7  
4  
5  
9  
3  
2  
0  
1  
6  
8  
7  
4  
5  
9  
3  
2  
0  
1  
6  
8  
7  
4  
5  
9  
3  
2  
0  
1  
6  
8  
7  
4  
5  
9  
3  
2  
0  
1  
6  
8  
7  
4  
5  
9  
3  
2  
0  
1  
6  
8  
7  
4  
5  
9  
3  
2  
0  
1  
6  
8  
7  
4  
5  
9  
3  
2  
0  
1  
6  
8  
7  
4  
5  
9  
3  
2  
0  
1  
6  
8  
7  
4  
5  
9  
3  
2  
0  
1  
6  
8  
7  
4  
5  
9  
3  
2  
0  
1  
6  
8  
7  
4  
5  
9  
3  
2  
0  
1  
6  
8  
7  
4  
5  
9  
3  
2  
0  
1  
6  
8  
7  
4  
5  
9  
3  
2  
0  
1  
6  
8  
7  
4  
5  
9  
3  
2  
0  
1  
6  
8  
7  
4  
5  
9  
3  



Nome file:     29_beta_P7.txt


Numero di neuroni di input:     600


Numero di campioni prelevati:     600


Numero di neuroni dello strato competitivo:     10


Tasso di apprendimento:     0.100000


Delta1:     0.200000


Delta2:     0.020000


