
 nuovo strato   -0.026491   2.121735   0.373393   -1.134283   -1.788649   1.485190   1.322577   -0.036198   -2.594279   0.184964  
 nuovo strato   -0.029109   2.121713   0.373389   -1.134272   -1.788632   1.485175   1.322563   -0.036197   -2.594253   0.184962  
 nuovo strato   -0.031989   2.121692   0.373385   -1.134260   -1.788614   1.485160   1.322550   -0.036197   -2.594227   0.184960  
 nuovo strato   -0.035157   2.121671   0.373382   -1.134249   -1.788596   1.485145   1.322537   -0.036197   -2.594201   0.184959  
 nuovo strato   -0.038642   2.121650   0.373378   -1.134238   -1.788578   1.485130   1.322524   -0.036196   -2.594175   0.184957  
 nuovo strato   -0.038641   2.121629   0.373374   -1.134226   -1.788560   1.485115   1.322510   -0.039785   -2.594149   0.184955  
 nuovo strato   -0.042474   2.121607   0.373370   -1.134215   -1.788542   1.485100   1.322497   -0.039784   -2.594123   0.184953  
 nuovo strato   -0.042474   2.121586   0.373367   -1.134204   -1.788524   1.485085   1.322484   -0.043732   -2.594097   0.184951  
 nuovo strato   -0.046690   2.121565   0.373363   -1.134192   -1.788506   1.485070   1.322471   -0.043732   -2.594071   0.184949  
 nuovo strato   -0.046690   2.121544   0.373359   -1.134181   -1.788489   1.485056   1.322458   -0.048074   -2.594045   0.184948  
 nuovo strato   -0.051328   2.121522   0.373355   -1.134170   -1.788471   1.485041   1.322444   -0.048073   -2.594019   0.184946  
 nuovo strato   -0.051328   2.121501   0.373352   -1.134158   -1.788453   1.485026   1.322431   -0.052850   -2.593993   0.184944  
 nuovo strato   -0.056429   2.121480   0.373348   -1.134147   -1.788435   1.485011   1.322418   -0.052849   -2.593967   0.184942  
 nuovo strato   -0.056429   2.121459   0.373344   -1.134136   -1.788417   1.484996   1.322405   -0.058103   -2.593941   0.184940  
 nuovo strato   -0.062041   2.121438   0.373341   -1.134125   -1.788399   1.484981   1.322391   -0.058103   -2.593915   0.184938  
 nuovo strato   -0.062040   2.121416   0.373337   -1.134113   -1.788381   1.484966   1.322378   -0.063882   -2.593889   0.184936  
 nuovo strato   -0.068213   2.121395   0.373333   -1.134102   -1.788363   1.484951   1.322365   -0.063881   -2.593863   0.184935  
 nuovo strato   -0.068213   2.121374   0.373329   -1.134091   -1.788345   1.484936   1.322352   -0.070239   -2.593837   0.184933  
 nuovo strato   -0.075003   2.121353   0.373326   -1.134079   -1.788328   1.484921   1.322338   -0.070238   -2.593812   0.184931  
 nuovo strato   -0.075002   2.121331   0.373322   -1.134068   -1.788310   1.484907   1.322325   -0.077231   -2.593786   0.184929  
 nuovo strato   -0.082472   2.121310   0.373318   -1.134057   -1.788292   1.484892   1.322312   -0.077230   -2.593760   0.184927  
 nuovo strato   -0.082471   2.121289   0.373314   -1.134045   -1.788274   1.484877   1.322299   -0.084922   -2.593734   0.184925  
 nuovo strato   -0.090687   2.121268   0.373311   -1.134034   -1.788256   1.484862   1.322286   -0.084921   -2.593708   0.184923  
 nuovo strato   -0.090686   2.121247   0.373307   -1.134023   -1.788238   1.484847   1.322272   -0.093382   -2.593682   0.184922  
 nuovo strato   -0.099724   2.121225   0.373303   -1.134011   -1.788220   1.484832   1.322259   -0.093381   -2.593656   0.184920  
 nuovo strato   -0.099723   2.121204   0.373300   -1.134000   -1.788202   1.484817   1.322246   -0.102689   -2.593630   0.184918  
 nuovo strato   -0.109664   2.121183   0.373296   -1.133989   -1.788185   1.484802   1.322233   -0.102688   -2.593604   0.184916  
 nuovo strato   -0.109663   2.121162   0.373292   -1.133977   -1.788167   1.484787   1.322219   -0.112926   -2.593578   0.184914  
 nuovo strato   -0.120598   2.121140   0.373288   -1.133966   -1.788149   1.484772   1.322206   -0.112924   -2.593552   0.184912  
 nuovo strato   -0.120597   2.121119   0.373285   -1.133955   -1.788131   1.484758   1.322193   -0.124186   -2.593526   0.184911  
 nuovo strato   -0.132626   2.121098   0.373281   -1.133943   -1.788113   1.484743   1.322180   -0.124185   -2.593500   0.184909  
 nuovo strato   -0.132625   2.121077   0.373277   -1.133932   -1.788095   1.484728   1.322166   -0.136572   -2.593474   0.184907  
 nuovo strato   -0.145856   2.121056   0.373273   -1.133921   -1.788077   1.484713   1.322153   -0.136571   -2.593448   0.184905  
 nuovo strato   -0.145855   2.121034   0.373270   -1.133909   -1.788059   1.484698   1.322140   -0.150197   -2.593422   0.184903  
 nuovo strato   -0.160409   2.121013   0.373266   -1.133898   -1.788041   1.484683   1.322127   -0.150196   -2.593396   0.184901  
 nuovo strato   -0.160408   2.120992   0.373262   -1.133887   -1.788024   1.484668   1.322114   -0.165184   -2.593370   0.184899  
 nuovo strato   -0.176417   2.120971   0.373259   -1.133875   -1.788006   1.484653   1.322100   -0.165183   -2.593344   0.184898  
 nuovo strato   -0.176416   2.120950   0.373255   -1.133864   -1.787988   1.484638   1.322087   -0.181670   -2.593318   0.184896  
 nuovo strato   -0.194026   2.120928   0.373251   -1.133853   -1.787970   1.484623   1.322074   -0.181668   -2.593292   0.184894  
 nuovo strato   -0.194024   2.120907   0.373247   -1.133841   -1.787952   1.484609   1.322061   -0.199804   -2.593266   0.184892  
 nuovo strato   -0.213396   2.120886   0.373244   -1.133830   -1.787934   1.484594   1.322047   -0.199802   -2.593240   0.184890  
 nuovo strato   -0.213394   2.120865   0.373240   -1.133819   -1.787916   1.484579   1.322034   -0.219751   -2.593214   0.184888  
 nuovo strato   -0.213392   2.120843   0.373236   -1.133807   -1.787898   1.484564   1.322021   -0.219749   -2.593188   0.203408  
 nuovo strato   -0.234700   2.120822   0.373233   -1.133796   -1.787881   1.484549   1.322008   -0.219747   -2.593162   0.203406  
 nuovo strato   -0.234697   2.120801   0.373229   -1.133785   -1.787863   1.484534   1.321994   -0.241691   -2.593136   0.203404  
 nuovo strato   -0.234695   2.120780   0.373225   -1.133773   -1.787845   1.484519   1.321981   -0.241688   -2.593110   0.223775  
 nuovo strato   -0.258134   2.120759   0.373221   -1.133762   -1.787827   1.484504   1.321968   -0.241686   -2.593084   0.223773  
 nuovo strato   -0.258131   2.120737   0.373218   -1.133751   -1.787809   1.484489   1.321955   -0.265823   -2.593058   0.223771  
 nuovo strato   -0.258129   2.120716   0.373214   -1.133739   -1.787791   1.484474   1.321941   -0.265821   -2.593032   0.246179  
 nuovo strato   -0.283910   2.120695   0.373210   -1.133728   -1.787773   1.484460   1.321928   -0.265818   -2.593006   0.246176  
 nuovo strato   -0.283908   2.120674   0.373206   -1.133717   -1.787755   1.484445   1.321915   -0.265815   -2.592980   0.270825  
 nuovo strato   -0.283905   2.120652   0.373203   -1.133705   -1.787737   1.484430   1.321902   -0.292366   -2.592954   0.270822  
 nuovo strato   -0.312264   2.120631   0.373199   -1.133694   -1.787720   1.484415   1.321889   -0.292363   -2.592928   0.270820  
 nuovo strato   -0.312261   2.120610   0.373195   -1.133683   -1.787702   1.484400   1.321875   -0.292360   -2.592902   0.297932  
 nuovo strato   -0.312258   2.120589   0.373192   -1.133672   -1.787684   1.484385   1.321862   -0.321565   -2.592876   0.297929  
 nuovo strato   -0.312255   2.120568   0.373188   -1.133660   -1.787666   1.484370   1.321849   -0.321562   -2.592850   0.327753  
 nuovo strato   -0.343450   2.120546   0.373184   -1.133649   -1.787648   1.484355   1.321836   -0.321559   -2.592824   0.327750  
 nuovo strato   -0.343446   2.120525   0.373180   -1.133638   -1.787630   1.484340   1.321822   -0.353684   -2.592798   0.327747  
 nuovo strato   -0.343443   2.120504   0.373177   -1.133626   -1.787612   1.484325   1.321809   -0.353680   -2.592772   0.360552  
 nuovo strato   -0.377756   2.120483   0.373173   -1.133615   -1.787594   1.484311   1.321796   -0.353677   -2.592746   0.360549  
 nuovo strato   -0.377752   2.120461   0.373169   -1.133604   -1.787577   1.484296   1.321783   -0.389014   -2.592720   0.360545  
 nuovo strato   -0.377748   2.120440   0.373165   -1.133592   -1.787559   1.484281   1.321769   -0.389010   -2.592694   0.396631  
 nuovo strato   -0.415492   2.120419   0.373162   -1.133581   -1.787541   1.484266   1.321756   -0.389006   -2.592668   0.396627  
 nuovo strato   -0.415488   2.120398   0.410509   -1.133570   -1.787523   1.484251   1.321743   -0.389002   -2.592642   0.396623  
 nuovo strato   -0.415484   2.120377   0.410505   -1.133558   -1.787505   1.484236   1.321730   -0.427871   -2.592616   0.396619  
 nuovo strato   -0.415480   2.120355   0.410501   -1.133547   -1.787487   1.484221   1.321717   -0.427867   -2.592590   0.436311  
 nuovo strato   -0.456997   2.120334   0.410496   -1.133536   -1.787469   1.484206   1.321703   -0.427863   -2.592564   0.436307  
 nuovo strato   -0.456992   2.120313   0.451577   -1.133524   -1.787451   1.484191   1.321690   -0.427858   -2.592538   0.436303  
 nuovo strato   -0.456988   2.120292   0.451573   -1.133513   -1.787434   1.484176   1.321677   -0.470613   -2.592512   0.436298  
 nuovo strato   -0.456983   2.120270   0.451568   -1.133502   -1.787416   1.484161   1.321664   -0.470609   -2.592486   0.479959  
 nuovo strato   -0.502651   2.120249   0.451563   -1.133490   -1.787398   1.484147   1.321650   -0.470604   -2.592460   0.479954  
 nuovo strato   -0.502646   2.120228   0.496751   -1.133479   -1.787380   1.484132   1.321637   -0.470599   -2.592434   0.479950  
 nuovo strato   -0.502641   2.120207   0.496746   -1.133468   -1.787362   1.484117   1.321624   -0.517628   -2.592408   0.479945  
 nuovo strato   -0.502636   2.120186   0.496741   -1.133456   -1.787344   1.484102   1.321611   -0.517623   -2.592382   0.527970  
 nuovo strato   -0.552868   2.120164   0.496736   -1.133445   -1.787326   1.484087   1.321597   -0.517618   -2.592356   0.527965  
 nuovo strato   -0.552863   2.120143   0.546440   -1.133434   -1.787308   1.484072   1.321584   -0.517613   -2.592330   0.527959  
 nuovo strato   -0.552857   2.120122   0.546435   -1.133422   -1.787290   1.484057   1.321571   -0.569343   -2.592304   0.527954  
 nuovo strato   -0.552852   2.120101   0.546429   -1.133411   -1.787273   1.484042   1.321558   -0.569337   -2.592278   0.580781  
 nuovo strato   -0.608106   2.120080   0.546424   -1.133400   -1.787255   1.484027   1.321545   -0.569332   -2.592252   0.580775  
 nuovo strato   -0.608100   2.120058   0.601097   -1.133388   -1.787237   1.484012   1.321531   -0.569326   -2.592226   0.580769  
 nuovo strato   -0.608094   2.120037   0.601091   -1.133377   -1.787219   1.483998   1.321518   -0.626228   -2.592200   0.580763  
 nuovo strato   -0.608088   2.120016   0.601085   -1.133366   -1.787201   1.483983   1.321505   -0.626221   -2.592174   0.638870  
 nuovo strato   -0.668866   2.119995   0.601079   -1.133354   -1.787183   1.483968   1.321492   -0.626215   -2.592148   0.638864  
 nuovo strato   -0.668859   2.119973   0.661218   -1.133343   -1.787165   1.483953   1.321478   -0.626209   -2.592122   0.638858  
 nuovo strato   -0.668852   2.119952   0.661211   -1.133332   -1.787147   1.483938   1.321465   -0.688799   -2.592096   0.638851  
 nuovo strato   -0.668846   2.119931   0.661205   -1.133320   -1.787130   1.483923   1.321452   -0.688792   -2.592070   0.702767  
 nuovo strato   -0.735699   2.119910   0.661198   -1.133309   -1.787112   1.483908   1.321439   -0.688785   -2.592044   0.702760  
 nuovo strato   -0.735692   2.119889   0.727349   -1.133298   -1.787094   1.483893   1.321425   -0.688778   -2.592018   0.702753  
 nuovo strato   -0.735685   2.119867   0.727341   -1.133286   -1.787076   1.483878   1.321412   -0.757625   -2.591992   0.702746  
 nuovo strato   -0.735677   2.119846   0.727334   -1.133275   -1.787058   1.483863   1.321399   -0.757617   -2.591966   0.773052  
 nuovo strato   -0.809214   2.119825   0.727327   -1.133264   -1.787040   1.483849   1.321386   -0.757610   -2.591940   0.773044  
 nuovo strato   -0.809206   2.119804   0.800091   -1.133253   -1.787022   1.483834   1.321373   -0.757602   -2.591914   0.773036  
 nuovo strato   -0.809198   2.119782   0.800083   -1.133241   -1.787004   1.483819   1.321359   -0.833332   -2.591888   0.773028  
 nuovo strato   -0.809190   2.119761   0.800075   -1.133230   -1.786986   1.483804   1.321346   -0.833323   -2.591862   0.850362  
 nuovo strato   -0.890078   2.119740   0.800067   -1.133219   -1.786969   1.483789   1.321333   -0.833315   -2.591836   0.850354  
 nuovo strato   -0.890069   2.119719   0.880104   -1.133207   -1.786951   1.483775   1.321320   -0.833307   -2.591810   0.850345  
 nuovo strato   -0.890060   2.119698   0.880095   -1.133196   -1.786933   1.483760   1.321306   -0.916606   -2.591784   0.850337  
 nuovo strato   -0.890051   2.119676   0.880087   -1.133185   -1.786915   1.483745   1.321293   -0.916597   -2.591758   0.935401  
 nuovo strato   -0.979025   2.119655   0.880078   -1.133173   -1.786897   1.483730   1.321280   -0.916588   -2.591733   0.935392  
 nuovo strato   -0.979016   2.119634   0.880069   -1.133162   -1.786879   1.483715   1.321267   -1.008216   -2.591707   0.935383  
 nuovo strato   -0.979006   2.119613   0.968107   -1.133151   -1.786861   1.483701   1.321253   -1.008206   -2.591681   0.935373  
 nuovo strato   -1.076875   2.119591   0.968097   -1.133139   -1.786843   1.483686   1.321240   -1.008196   -2.591655   0.935364  
 nuovo strato   -1.076865   2.119570   0.968087   -1.133128   -1.786826   1.483671   1.321227   -1.008186   -2.591629   1.028931  
 nuovo strato   -1.076854   2.119549   0.968078   -1.133117   -1.786808   1.483656   1.321214   -1.108973   -2.591603   1.028921  
 nuovo strato   -1.076843   2.119528   1.064916   -1.133105   -1.786790   1.483642   1.321200   -1.108962   -2.591577   1.028911  
 nuovo strato   -1.184497   2.119507   1.064906   -1.133094   -1.786772   1.483627   1.321187   -1.108951   -2.591551   1.028900  
 nuovo strato   -1.184485   2.119485   1.064895   -1.133083   -1.786754   1.483612   1.321174   -1.108940   -2.591525   1.131821  
 nuovo strato   -1.184473   2.119464   1.064885   -1.133071   -1.786736   1.483597   1.321161   -1.219803   -2.591499   1.131810  
 nuovo strato   -1.184461   2.119443   1.171404   -1.133060   -1.786718   1.483582   1.321148   -1.219791   -2.591473   1.131799  
 nuovo strato   -1.184449   2.119422   1.171392   -1.246335   -1.786700   1.483568   1.321134   -1.219779   -2.591447   1.131787  
 nuovo strato   -1.302863   2.119401   1.171381   -1.246323   -1.786682   1.483553   1.321121   -1.219766   -2.591421   1.131776  
 nuovo strato   -1.302850   2.119379   1.171369   -1.246310   -1.786665   1.483538   1.321108   -1.219754   -2.591395   1.244985  
 nuovo strato   -1.302837   2.119358   1.171357   -1.246297   -1.786647   1.483523   1.321095   -1.341699   -2.591369   1.244972  
 nuovo strato   -1.302824   2.119337   1.288524   -1.246285   -1.786629   1.483508   1.321081   -1.341685   -2.591343   1.244960  
 nuovo strato   -1.302812   2.119316   1.288511   -1.370883   -1.786611   1.483494   1.321068   -1.341672   -2.591317   1.244947  
 nuovo strato   -1.433062   2.119294   1.288498   -1.370869   -1.786593   1.483479   1.321055   -1.341658   -2.591291   1.244935  
 nuovo strato   -1.433047   2.119273   1.288485   -1.370855   -1.786575   1.483464   1.321042   -1.341645   -2.591265   1.369459  
 nuovo strato   -1.433033   2.119252   1.288472   -1.370841   -1.786557   1.483449   1.321028   -1.475779   -2.591239   1.369446  
 nuovo strato   -1.433019   2.119231   1.417350   -1.370828   -1.786539   1.483435   1.321015   -1.475764   -2.591213   1.369432  
 nuovo strato   -1.433004   2.119210   1.417336   -1.507879   -1.786522   1.483420   1.321002   -1.475749   -2.591187   1.369418  
 nuovo strato   -1.432990   2.119188   1.417322   -1.507864   -1.786504   1.483405   1.453133   -1.475734   -2.591161   1.369405  
 nuovo strato   -1.576258   2.119167   1.417308   -1.507849   -1.786486   1.483390   1.453119   -1.475719   -2.591135   1.369391  
 nuovo strato   -1.576243   2.119146   1.417294   -1.507834   -1.786468   1.483375   1.453104   -1.475705   -2.591109   1.506361  
 nuovo strato   -1.576227   2.119125   1.417279   -1.507819   -1.786450   1.483361   1.453089   -1.623244   -2.591083   1.506346  
 nuovo strato   -1.576211   2.119103   1.559038   -1.507804   -1.786432   1.483346   1.453075   -1.623228   -2.591057   1.506331  
 nuovo strato   -1.576195   2.119082   1.559023   -1.658554   -1.786414   1.483331   1.453060   -1.623212   -2.591031   1.506316  
 nuovo strato   -1.576180   2.119061   1.559007   -1.658537   -1.786396   1.483316   1.598397   -1.623196   -2.591005   1.506301  
 nuovo strato   -1.576164   2.119040   1.558992   -1.658521   -1.786379   1.631679   1.598381   -1.623179   -2.590979   1.506286  
 nuovo strato   -1.576148   2.119019   1.558976   -1.658504   -1.786361   1.631662   1.598365   -1.623163   -2.590953   1.656945  
 nuovo strato   -1.733732   2.118997   1.558960   -1.658488   -1.786343   1.631646   1.598349   -1.623147   -2.590927   1.656929  
 nuovo strato   -1.733715   2.118976   1.714887   -1.658471   -1.786325   1.631630   1.598333   -1.623131   -2.590901   1.656912  
 nuovo strato   -1.733698   2.118955   1.714870   -1.658455   -1.786307   1.631613   1.598318   -1.785413   -2.590875   1.656896  
 nuovo strato   -1.733680   2.118934   1.714853   -1.658438   -1.786289   1.631597   1.758180   -1.785395   -2.590849   1.656879  
 nuovo strato   -1.733663   2.118912   1.714836   -1.824251   -1.786271   1.631581   1.758162   -1.785377   -2.590823   1.656862  
 nuovo strato   -1.733646   2.118891   1.714819   -1.824233   -1.786253   1.794770   1.758145   -1.785359   -2.590797   1.656846  
 nuovo strato   -1.733628   2.118870   1.714801   -1.824214   -1.786235   1.794752   1.758127   -1.785342   -2.590771   1.822561  
 nuovo strato   -1.906960   2.118849   1.714784   -1.824196   -1.786218   1.794734   1.758110   -1.785324   -2.590745   1.822543  
 nuovo strato   -1.906941   2.118828   1.886294   -1.824178   -1.786200   1.794716   1.758092   -1.785306   -2.590719   1.822525  
 nuovo strato   -1.906922   2.118806   1.886275   -1.824160   -1.786182   1.794698   1.758074   -1.963805   -2.590693   1.822507  
 nuovo strato   -1.906903   2.118785   1.886256   -1.824141   -1.964769   1.794680   1.758057   -1.963786   -2.590667   1.822488  
 nuovo strato   -1.906884   2.118764   1.886237   -1.824123   -1.964749   1.794662   1.933893   -1.963766   -2.590641   1.822470  
 nuovo strato   -1.906865   2.118743   1.886218   -2.006505   -1.964730   1.794644   1.933874   -1.963746   -2.590615   1.822452  
 nuovo strato   -1.906846   2.118721   1.886199   -2.006485   -1.964710   1.974139   1.933855   -1.963727   -2.590589   1.822434  
 nuovo strato   -1.906827   2.118700   1.886181   -2.006464   -1.964690   1.974119   1.933835   -1.963707   -2.590563   2.004708  
 nuovo strato   -2.097479   2.118679   1.886162   -2.006444   -1.964671   1.974100   1.933816   -1.963687   -2.590537   2.004688  
 nuovo strato   -2.097458   2.118658   2.074809   -2.006424   -1.964651   1.974080   1.933797   -1.963668   -2.590511   2.004668  
 nuovo strato   -2.097437   2.118637   2.074788   -2.006404   -1.964631   1.974060   1.933777   -2.160004   -2.590485   2.004648  
 nuovo strato   -2.097416   2.118615   2.074767   -2.006384   -2.161064   1.974040   1.933758   -2.159982   -2.590459   2.004628  
 nuovo strato   -2.097395   2.118594   2.074747   -2.006364   -2.161042   1.974020   2.127165   -2.159960   -2.590433   2.004608  
 nuovo strato   -2.097374   2.118573   2.074726   -2.206970   -2.161020   1.974001   2.127144   -2.159939   -2.590407   2.004588  
 nuovo strato   -2.097353   2.118552   2.074705   -2.206948   -2.160999   2.171432   2.127122   -2.159917   -2.590381   2.004568  
 nuovo strato   -2.097332   2.118531   2.074684   -2.206925   -2.160977   2.171410   2.127101   -2.159895   -2.590355   2.205055  
 nuovo strato   -2.307034   2.118509   2.074664   -2.206903   -2.160955   2.171388   2.127080   -2.159873   -2.590329   2.205033  
 nuovo strato   -2.307011   2.118488   2.282161   -2.206881   -2.160933   2.171366   2.127059   -2.159852   -2.590303   2.205011  
 nuovo strato   -2.306988   2.330368   2.282138   -2.206859   -2.160912   2.171345   2.127038   -2.159830   -2.590277   2.204989  
 nuovo strato   -2.306965   2.330344   2.282115   -2.206837   -2.160890   2.171323   2.339772   -2.159808   -2.590251   2.204967  
 nuovo strato   -2.306942   2.330321   2.282092   -2.206815   -2.160868   2.171301   2.339749   -2.375758   -2.590225   2.204946  
 nuovo strato   -2.306918   2.330298   2.282069   -2.206792   -2.376924   2.171280   2.339725   -2.375735   -2.590199   2.204924  
 nuovo strato   -2.306895   2.330274   2.282047   -2.206770   -2.376900   2.388438   2.339702   -2.375711   -2.590173   2.204902  
 nuovo strato   -2.306872   2.330251   2.282024   -2.427416   -2.376877   2.388415   2.339679   -2.375687   -2.590147   2.204880  
 nuovo strato   -2.306849   2.330228   2.282001   -2.427392   -2.376853   2.388391   2.339655   -2.375663   -2.590121   2.425399  
 nuovo strato   -2.306826   2.330204   2.510232   -2.427368   -2.376829   2.388367   2.339632   -2.375639   -2.590095   2.425374  
 nuovo strato   -2.537477   2.330181   2.510207   -2.427343   -2.376805   2.388343   2.339609   -2.375615   -2.590069   2.425350  
 nuovo strato   -2.537452   2.563230   2.510182   -2.427319   -2.376781   2.388319   2.339585   -2.375592   -2.590043   2.425326  
 nuovo strato   -2.537427   2.563204   2.510157   -2.427295   -2.376757   2.388295   2.573575   -2.375568   -2.590017   2.425301  
 nuovo strato   -2.537402   2.563178   2.510132   -2.427270   -2.376734   2.388272   2.573549   -2.613094   -2.589991   2.425277  
 nuovo strato   -2.537376   2.563153   2.510107   -2.427246   -2.614376   2.388248   2.573523   -2.613067   -2.589965   2.425253  
 nuovo strato   -2.537351   2.563127   2.510082   -2.427222   -2.614350   2.627103   2.573498   -2.613041   -2.589939   2.425228  
 nuovo strato   -2.537326   2.563101   2.510056   -2.669913   -2.614324   2.627077   2.573472   -2.613015   -2.589913   2.425204  
 nuovo strato   -2.537301   2.563075   2.510031   -2.669886   -2.614297   2.627051   2.573446   -2.612989   -2.589887   2.667755  
 nuovo strato   -2.537275   2.563050   2.761065   -2.669860   -2.614271   2.627025   2.573420   -2.612962   -2.589861   2.667729  
 nuovo strato   -2.790972   2.563024   2.761038   -2.669833   -2.614245   2.626998   2.573395   -2.612936   -2.589835   2.667702  
 nuovo strato   -2.790944   2.819357   2.761010   -2.669806   -2.614219   2.626972   2.573369   -2.612910   -2.589809   2.667675  
 nuovo strato   -2.790916   2.819329   2.760983   -2.669780   -2.614192   2.626946   2.830737   -2.612884   -2.589783   2.667649  
 nuovo strato   -2.790888   2.819301   2.760955   -2.669753   -2.614166   2.626920   2.830708   -2.612858   -2.848731   2.667622  
 nuovo strato   -2.790860   2.819273   2.760927   -2.669726   -2.614140   2.626894   2.830680   -2.874112   -2.848702   2.667595  
 nuovo strato   -2.790833   2.819245   2.760900   -2.669699   -2.875523   2.626867   2.830652   -2.874084   -2.848674   2.667568  
 nuovo strato   -2.790805   2.819216   2.760872   -2.669673   -2.875494   2.889585   2.830623   -2.874055   -2.848646   2.667542  
 nuovo strato   -2.790777   2.819188   2.760844   -2.936609   -2.875465   2.889556   2.830595   -2.874026   -2.848617   2.667515  
 nuovo strato   -2.790749   2.819160   2.760817   -2.936580   -2.875437   2.889527   2.830566   -2.873997   -2.848589   2.934298  
 nuovo strato   -2.790721   2.819132   3.036929   -2.936550   -2.875408   2.889498   2.830538   -2.873968   -2.848561   2.934268  
 nuovo strato   -3.069762   2.819104   3.036899   -2.936521   -2.875379   2.889470   2.830510   -2.873939   -2.848532   2.934239  
 nuovo strato   -3.069731   3.101045   3.036869   -2.936492   -2.875350   2.889441   2.830481   -2.873910   -2.848504   2.934210  
 nuovo strato   -3.069701   3.101014   3.036838   -2.936462   -2.875321   2.889412   3.113560   -2.873882   -2.848475   2.934180  
 nuovo strato   -3.069670   3.100983   3.036808   -2.936433   -2.875292   2.889383   3.113529   -2.873853   -3.133292   2.934151  
 nuovo strato   -3.069639   3.100952   3.036778   -2.936404   -2.875263   2.889354   3.113498   -3.161207   -3.133261   2.934122  
 nuovo strato   -3.069608   3.100921   3.036747   -2.936374   -3.162759   2.889325   3.113467   -3.161175   -3.133230   2.934092  
 nuovo strato   -3.069578   3.100890   3.036717   -2.936345   -3.162727   3.178289   3.113436   -3.161144   -3.133198   2.934063  
 nuovo strato   -3.069547   3.100859   3.036687   -2.936316   -3.162695   3.178257   3.113404   -3.161112   -3.133167   3.227500  
 nuovo strato   -3.069516   3.100828   3.036657   -3.229916   -3.162664   3.178226   3.113373   -3.161080   -3.133136   3.227468  
 nuovo strato   -3.069485   3.100797   3.340353   -3.229884   -3.162632   3.178194   3.113342   -3.161049   -3.133105   3.227436  
 nuovo strato   -3.376403   3.100766   3.340320   -3.229852   -3.162600   3.178162   3.113311   -3.161017   -3.133074   3.227404  
 nuovo strato   -3.376369   3.410874   3.340286   -3.229820   -3.162569   3.178130   3.113279   -3.160985   -3.133042   3.227371  
 nuovo strato   -3.376335   3.410840   3.340253   -3.229788   -3.162537   3.178099   3.424638   -3.160954   -3.133011   3.227339  
 nuovo strato   -3.376302   3.410806   3.340220   -3.229755   -3.162505   3.178067   3.424604   -3.160922   -3.446281   3.227307  
 nuovo strato   -3.376268   3.410772   3.340186   -3.229723   -3.162473   3.495905   3.424570   -3.160890   -3.446247   3.227275  
 nuovo strato   -3.376234   3.410738   3.340153   -3.229691   -3.162442   3.495870   3.424535   -3.476948   -3.446212   3.227243  
 nuovo strato   -3.376200   3.410703   3.340120   -3.229659   -3.478655   3.495835   3.424501   -3.476913   -3.446177   3.227211  
 nuovo strato   -3.376166   3.410669   3.340086   -3.229627   -3.478620   3.495800   3.424467   -3.476879   -3.446143   3.549963  
 nuovo strato   -3.376132   3.410635   3.340053   -3.552558   -3.478585   3.495764   3.424432   -3.476844   -3.446108   3.549927  
 nuovo strato   -3.376098   3.410601   3.674089   -3.552523   -3.478550   3.495729   3.424398   -3.476809   -3.446074   3.549891  
 nuovo strato   -3.713677   3.410567   3.674052   -3.552487   -3.478516   3.495694   3.424364   -3.476774   -3.446039   3.549856  
 nuovo strato   -3.713640   3.751655   3.674016   -3.552452   -3.478481   3.495659   3.424329   -3.476739   -3.446005   3.549820  
 nuovo strato   -3.713603   3.751617   3.673979   -3.552416   -3.478446   3.495624   3.766793   -3.476705   -3.445970   3.549785  
 nuovo strato   -3.713566   3.751580   3.673942   -3.552381   -3.478411   3.495589   3.766756   -3.476670   -3.790536   3.549749  
 nuovo strato   -3.713529   3.751542   3.673905   -3.552345   -3.478376   3.845179   3.766718   -3.476635   -3.790498   3.549714  
 nuovo strato   -3.713491   3.751505   3.673869   -3.552310   -3.478342   3.845141   3.766680   -3.824268   -3.790460   3.549678  
 nuovo strato   -3.713454   3.751467   3.673832   -3.552274   -3.826145   3.845102   3.766643   -3.824229   -3.790422   3.549643  
 nuovo strato   -3.713417   3.751430   3.673795   -3.552239   -3.826107   3.845064   3.766605   -3.824191   -3.790385   3.904638  
 nuovo strato   -3.713380   3.751393   3.673759   -3.907432   -3.826068   3.845026   3.766567   -3.824153   -3.790347   3.904599  
 nuovo strato   -3.713343   3.751355   4.041165   -3.907393   -3.826030   3.844987   3.766530   -3.824115   -3.790309   3.904560  
 nuovo strato   -4.084646   3.751318   4.041125   -3.907353   -3.825992   3.844949   3.766492   -3.824077   -3.790271   3.904521  
 nuovo strato   -4.084605   4.126481   4.041084   -3.907314   -3.825954   3.844910   3.766454   -3.824039   -3.790233   3.904482  
 nuovo strato   -4.084564   4.126439   4.041044   -3.907275   -3.825916   3.844872   4.143131   -3.824001   -3.790195   3.904443  
 nuovo strato   -4.084523   4.126398   4.041003   -3.907236   -3.825878   3.844834   4.143089   -3.823962   -4.169184   3.904403  
 nuovo strato   -4.084482   4.126356   4.040963   -3.907197   -3.825840   4.229348   4.143048   -3.823924   -4.169142   3.904364  
 nuovo strato   -4.084441   4.126315   4.040922   -3.907158   -3.825801   4.229305   4.143006   -4.206286   -4.169101   3.904325  
 nuovo strato   -4.084400   4.126273   4.040882   -3.907119   -4.208351   4.229263   4.142965   -4.206244   -4.169059   3.904286  
 nuovo strato   -4.084359   4.126232   4.040841   -3.907080   -4.208309   4.229220   4.142923   -4.206202   -4.169018   4.294745  
 nuovo strato   -4.084318   4.126190   4.040801   -4.297757   -4.208267   4.229178   4.142882   -4.206160   -4.168976   4.294703  
 nuovo strato   -4.084277   4.126149   4.444911   -4.297714   -4.208225   4.229136   4.142840   -4.206118   -4.168935   4.294660  
 nuovo strato   -4.492674   4.126107   4.444867   -4.297671   -4.208183   4.229093   4.142799   -4.206076   -4.168893   4.294617  
 nuovo strato   -4.492629   4.538749   4.444823   -4.297628   -4.208141   4.229051   4.142757   -4.206034   -4.168852   4.294574  
 nuovo strato   -4.492584   4.538703   4.444778   -4.297585   -4.208099   4.229008   4.557064   -4.205992   -4.168810   4.294531  
 nuovo strato   -4.492539   4.538658   4.444734   -4.297542   -4.208057   4.228966   4.557018   -4.205950   -4.585660   4.294488  
 nuovo strato   -4.492495   4.538613   4.444690   -4.297499   -4.208015   4.651893   4.556973   -4.205908   -4.585615   4.294445  
 nuovo strato   -4.492450   4.538568   4.444645   -4.297456   -4.207973   4.651846   4.556927   -4.626468   -4.585569   4.294402  
 nuovo strato   -4.492405   4.538522   4.444601   -4.297413   -4.628739   4.651800   4.556881   -4.626422   -4.585523   4.294359  
 nuovo strato   -4.492360   4.538477   4.444557   -4.297370   -4.628693   4.651753   4.556835   -4.626376   -4.585477   4.723826  
 nuovo strato   -4.492315   4.538432   4.444512   -4.727077   -4.628647   4.651706   4.556789   -4.626329   -4.585432   4.723779  
 nuovo strato   -4.492270   4.538386   4.888995   -4.727029   -4.628601   4.651659   4.556744   -4.626283   -4.585386   4.723732  
 nuovo strato   -4.941467   4.538341   4.888946   -4.726982   -4.628554   4.651613   4.556698   -4.626237   -4.585340   4.723684  
 nuovo strato   -4.941417   4.992206   4.888896   -4.726935   -4.628508   4.651566   4.556652   -4.626191   -4.585294   4.723637  
 nuovo strato   -4.941368   4.992156   4.888847   -4.726888   -4.628462   4.651519   5.012348   -4.626144   -4.585248   4.723590  
 nuovo strato   -4.941318   4.992106   4.888798   -4.726840   -4.628416   4.651473   5.012298   -4.626098   -5.043742   4.723543  
 nuovo strato   -4.941268   4.992056   4.888749   -4.726793   -4.628369   5.116651   5.012248   -4.626052   -5.043692   4.723495  
 nuovo strato   -4.941219   4.992006   4.888700   -4.726746   -4.628323   5.116600   5.012198   -5.088626   -5.043641   4.723448  
 nuovo strato   -4.941169   4.991956   4.888651   -4.726699   -5.091125   5.116549   5.012148   -5.088575   -5.043591   4.723401  
 nuovo strato   -4.941120   4.991906   4.888602   -4.726652   -5.091074   5.116498   5.012098   -5.088524   -5.043540   5.195772  
 nuovo strato   -4.941070   4.991856   4.888553   -5.199286   -5.091022   5.116446   5.012048   -5.088473   -5.043489   5.195720  
 nuovo strato   -4.941020   4.991806   5.377439   -5.199234   -5.090971   5.116395   5.011998   -5.088422   -5.043439   5.195668  
 nuovo strato   -5.435091   4.991755   5.377385   -5.199182   -5.090920   5.116344   5.011948   -5.088371   -5.043388   5.195616  
 nuovo strato   -5.435037   5.490962   5.377331   -5.199130   -5.090869   5.116293   5.011898   -5.088320   -5.043338   5.195564  
 nuovo strato   -5.434983   5.490907   5.377277   -5.199078   -5.090818   5.116242   5.513118   -5.088269   -5.043287   5.195512  
 nuovo strato   -5.434928   5.490852   5.377223   -5.199026   -5.090767   5.116191   5.513063   -5.088218   -5.547585   5.195460  
 nuovo strato   -5.434874   5.490798   5.377170   -5.198974   -5.090716   5.116140   5.513008   -5.597009   -5.547530   5.195408  
 nuovo strato   -5.434820   5.490743   5.377116   -5.198922   -5.090665   5.627785   5.512952   -5.596953   -5.547474   5.195356  
 nuovo strato   -5.434765   5.490688   5.377062   -5.198870   -5.599701   5.627729   5.512897   -5.596898   -5.547419   5.195304  
 nuovo strato   -5.434711   5.490633   5.377008   -5.198818   -5.599645   5.627673   5.512842   -5.596842   -5.547364   5.714866  
 nuovo strato   -5.434657   5.490578   5.376954   -5.718669   -5.599589   5.627616   5.512786   -5.596786   -5.547308   5.714808  
 nuovo strato   -5.434602   5.490523   5.914680   -5.718612   -5.599534   5.627560   5.512731   -5.596730   -5.547253   5.714751  
 nuovo strato   -5.978032   5.490469   5.914621   -5.718554   -5.599478   5.627504   5.512676   -5.596674   -5.547198   5.714694  
 nuovo strato   -5.977972   6.039546   5.914562   -5.718497   -5.599422   5.627448   5.512620   -5.596619   -5.547143   5.714637  
 nuovo strato   -5.977912   6.039485   5.914503   -5.718440   -5.599366   5.627391   6.063913   -5.596563   -5.547087   5.714580  
 nuovo strato   -5.977853   6.039425   5.914444   -5.718383   -5.599310   5.627335   6.063853   -5.596507   -6.101765   5.714522  
 nuovo strato   -5.977793   6.039364   5.914385   -5.718326   -5.599255   5.627279   6.063792   -6.156127   -6.101704   5.714465  
 nuovo strato   -5.977734   6.039304   5.914326   -5.718268   -6.159149   5.627223   6.063732   -6.156065   -6.101643   5.714408  
 nuovo strato   -5.977674   6.039243   5.914267   -5.718211   -6.159088   6.189976   6.063671   -6.156004   -6.101582   5.714351  
 nuovo strato   -5.977614   6.039183   5.914207   -5.718154   -6.159026   6.189914   6.063611   -6.155942   -6.101521   6.285817  
 nuovo strato   -5.977555   6.039122   5.914148   -6.289938   -6.158965   6.189852   6.063550   -6.155881   -6.101460   6.285754  
 nuovo strato   -5.977495   6.039062   6.505594   -6.289876   -6.158903   6.189790   6.063489   -6.155819   -6.101399   6.285691  
 nuovo strato   -6.575214   6.039001   6.505529   -6.289813   -6.158842   6.189728   6.063429   -6.155758   -6.101338   6.285628  
 nuovo strato   -6.575148   6.642932   6.505465   -6.289750   -6.158780   6.189666   6.063368   -6.155696   -6.101277   6.285565  
 nuovo strato   -6.575082   6.642866   6.505400   -6.289687   -6.158719   6.189604   6.669736   -6.155635   -6.101216   6.285502  
 nuovo strato   -6.575016   6.642799   6.505335   -6.289624   -6.158657   6.189542   6.669669   -6.155573   -6.711307   6.285439  
 nuovo strato   -6.574951   6.642733   6.505270   -6.289561   -6.158596   6.189480   6.669602   -6.771100   -6.711239   6.285376  
 nuovo strato   -6.574885   6.642667   6.505205   -6.289498   -6.774424   6.189418   6.669536   -6.771032   -6.711172   6.285313  
 nuovo strato   -6.574819   6.642601   6.505140   -6.289435   -6.774356   6.808391   6.669469   -6.770965   -6.711105   6.285250  
 nuovo strato   -6.574753   6.642534   6.505075   -6.289372   -6.774289   6.808322   6.669402   -6.770897   -6.711038   6.913806  
 nuovo strato   -6.574687   6.642468   6.505011   -6.918278   -6.774221   6.808254   6.669335   -6.770829   -6.710970   6.913737  
 nuovo strato   -6.574622   6.642402   7.155542   -6.918209   -6.774153   6.808186   6.669269   -6.770761   -6.710903   6.913668  
 nuovo strato   -7.232053   6.642335   7.155471   -6.918140   -6.774086   6.808118   6.669202   -6.770694   -6.710836   6.913599  
 nuovo strato   -7.231980   7.306600   7.155399   -6.918071   -6.774018   6.808050   6.669135   -6.770626   -6.710769   6.913529  
 nuovo strato   -7.231908   7.306527   7.155328   -6.918002   -6.773950   6.807981   7.336080   -6.770558   -6.710701   6.913460  
 nuovo strato   -7.231835   7.306454   7.155256   -6.917933   -6.773882   6.807913   7.336006   -6.770491   -7.381741   6.913391  
 nuovo strato   -7.231763   7.306381   7.155185   -6.917863   -6.773815   6.807845   7.335933   -7.447509   -7.381667   6.913322  
 nuovo strato   -7.231690   7.306308   7.155113   -6.917794   -7.451165   6.807777   7.335859   -7.447434   -7.381593   6.913253  
 nuovo strato   -7.231618   7.306235   7.155042   -6.917725   -7.451091   7.488585   7.335786   -7.447360   -7.381519   6.913184  
 nuovo strato   -7.231545   7.306162   7.154970   -6.917656   -7.451016   7.488511   7.335712   -7.447286   -7.381445   7.604533  
 nuovo strato   -7.231473   7.306089   7.154899   -7.609391   -7.450942   7.488436   7.335639   -7.447211   -7.381371   7.604457  
 nuovo strato   -7.231400   7.306016   7.870420   -7.609314   -7.450868   7.488361   7.335566   -7.447137   -7.381297   7.604382  
 nuovo strato   -7.954510   7.305943   7.870341   -7.609238   -7.450793   7.488286   7.335492   -7.447062   -7.381223   7.604306  
 nuovo strato   -7.954430   8.036569   7.870262   -7.609162   -7.450719   7.488211   7.335419   -7.446988   -7.381149   7.604230  
 nuovo strato   -7.954350   8.036489   7.870183   -7.609086   -7.450644   7.488136   8.068992   -7.446914   -7.381075   7.604154  
 nuovo strato   -7.954271   8.036408   7.870105   -7.609009   -7.450570   7.488061   8.068911   -7.446839   -8.119152   7.604078  
 nuovo strato   -7.954191   8.036328   7.870026   -7.608933   -7.450496   7.487987   8.068830   -8.191492   -8.119071   7.604002  
 nuovo strato   -7.954112   8.036248   7.869947   -7.608857   -8.195515   7.487912   8.068748   -8.191410   -8.118990   7.603927  
 nuovo strato   -7.954032   8.036168   7.869869   -7.608780   -8.195433   8.236733   8.068667   -8.191328   -8.118909   7.603851  
 nuovo strato   -7.953952   8.036088   7.869790   -7.608704   -8.195351   8.236651   8.068586   -8.191246   -8.118828   8.364266  
 nuovo strato   -7.953873   8.036008   7.869711   -8.369544   -8.195269   8.236569   8.068505   -8.191164   -8.118747   8.364182  
 nuovo strato   -7.953793   8.035928   8.656713   -8.369460   -8.195187   8.236487   8.068424   -8.191082   -8.118666   8.364099  
 nuovo strato   -8.749142   8.035848   8.656627   -8.369376   -8.195105   8.236405   8.068343   -8.191000   -8.118585   8.364015  
 nuovo strato   -8.749054   8.839463   8.656540   -8.369292   -8.195023   8.236323   8.068262   -8.190918   -8.118504   8.363931  
 nuovo strato   -8.748966   8.839375   8.656453   -8.369208   -8.194941   8.236241   8.875119   -8.190836   -8.118423   8.363847  
 nuovo strato   -8.748878   8.839286   8.656366   -8.369124   -8.194859   8.236159   8.875031   -8.190754   -8.930234   8.363763  
 nuovo strato   -8.748791   8.839197   8.656280   -8.369040   -8.194777   8.236077   8.874942   -9.009798   -8.930144   8.363679  
 nuovo strato   -8.748703   8.839108   8.656193   -8.368957   -9.014223   8.235995   8.874853   -9.009708   -8.930055   8.363595  
 nuovo strato   -8.748615   8.839020   8.656106   -8.368873   -9.014132   9.059626   8.874764   -9.009619   -8.929965   8.363511  
 nuovo strato   -8.748528   8.838931   8.656019   -8.368789   -9.014042   9.059535   8.874676   -9.009529   -8.929875   9.199893  
 nuovo strato   -8.748440   8.838842   8.655932   -9.205637   -9.013951   9.059444   8.874587   -9.009439   -8.929786   9.199801  
 nuovo strato   -8.748352   8.838754   9.521557   -9.205544   -9.013861   9.059354   8.874498   -9.009350   -8.929696   9.199710  
 nuovo strato   -9.623157   8.838665   9.521461   -9.205452   -9.013770   9.059263   8.874410   -9.009260   -8.929606   9.199618  
 nuovo strato   -9.623060   9.722563   9.521366   -9.205359   -9.013680   9.059173   8.874321   -9.009171   -8.929517   9.199527  
 nuovo strato   -9.622964   9.722466   9.521271   -9.205267   -9.013589   9.059082   9.761784   -9.009081   -8.929427   9.199435  
 nuovo strato   -9.622868   9.722368   9.521175   -9.205174   -9.013498   9.058991   9.761686   -9.008991   -9.822339   9.199344  
 nuovo strato   -9.622771   9.722271   9.521080   -9.205082   -9.013408   9.058901   9.761589   -9.909860   -9.822241   9.199252  
 nuovo strato   -9.622675   9.722174   9.520985   -9.204989   -9.914718   9.058810   9.761492   -9.909760   -9.822143   9.199161  
 nuovo strato   -9.622579   9.722076   9.520889   -9.204897   -9.914618   9.964722   9.761395   -9.909661   -9.822044   9.199069  
 nuovo strato   -9.622482   9.721979   9.520794   -9.204804   -9.914519   9.964622   9.761297   -9.909562   -9.821946   10.119007  
 nuovo strato   -9.622386   9.721882   9.520699   -10.125254   -9.914420   9.964523   9.761200   -9.909463   -9.821848   10.118906  
 nuovo strato   -9.622290   9.721785   10.472799   -10.125153   -9.914321   9.964424   9.761103   -9.909364   -9.821750   10.118805  
 nuovo strato   -10.584488   9.721687   10.472694   -10.125051   -9.914222   9.964325   9.761005   -9.909265   -9.821651   10.118704  
 nuovo strato   -10.584382   10.693887   10.472589   -10.124950   -9.914123   9.964226   9.760908   -9.909165   -9.821553   10.118603  
 nuovo strato   -10.584276   10.693780   10.472485   -10.124849   -9.914023   9.964127   10.737030   -9.909066   -9.821455   10.118502  
 nuovo strato   -10.584170   10.693673   10.472380   -10.124748   -9.913924   9.964027   10.736922   -9.908967   -10.803570   10.118401  
 nuovo strato   -10.584064   10.693566   10.472275   -10.124647   -9.913825   9.963928   10.736814   -10.899833   -10.803462   10.118299  
 nuovo strato   -10.583959   10.693460   10.472170   -10.124546   -10.905176   9.963829   10.736707   -10.899724   -10.803354   10.118198  
 nuovo strato   -10.583853   10.693353   10.472065   -10.124445   -10.905067   10.960243   10.736599   -10.899615   -10.803246   10.118097  
 nuovo strato   -10.583747   10.693246   10.471960   -10.124344   -10.904959   10.960134   10.736491   -10.899507   -10.803139   11.129938  
 nuovo strato   -10.583641   10.693139   10.471855   -11.136747   -10.904850   10.960024   10.736383   -10.899398   -10.803031   11.129827  
 nuovo strato   -10.583535   10.693032   11.519072   -11.136636   -10.904741   10.959914   10.736276   -10.899289   -10.802923   11.129715  
 nuovo strato   -11.641858   10.692925   11.518956   -11.136524   -10.904633   10.959805   10.736168   -10.899180   -10.802815   11.129603  
 nuovo strato   -11.641742   11.762249   11.518841   -11.136413   -10.904524   10.959695   10.736060   -10.899072   -10.802708   11.129492  
 nuovo strato   -11.641625   11.762132   11.518725   -11.136301   -10.904415   10.959585   11.809697   -10.898963   -10.802600   11.129380  
 nuovo strato   -11.641509   11.762014   11.518610   -11.136189   -10.904306   10.959476   11.809579   -10.898854   -11.882829   11.129269  
 nuovo strato   -11.641393   11.761897   11.518495   -11.136078   -10.904198   10.959366   11.809461   -11.988708   -11.882710   11.129157  
 nuovo strato   -11.641276   11.761780   11.518379   -11.135966   -11.994587   10.959256   11.809342   -11.988588   -11.882590   11.129045  
 nuovo strato   -11.641160   11.761662   11.518264   -11.135855   -11.994467   12.055213   11.809224   -11.988468   -11.882471   11.128934  
 nuovo strato   -11.641044   11.761545   11.518148   -11.135743   -11.994347   12.055093   11.809106   -11.988348   -11.882352   12.241858  
 nuovo strato   -11.640927   11.761428   11.518033   -12.249287   -11.994226   12.054973   11.808988   -11.988228   -11.882233   12.241736  
 nuovo strato   -11.640811   11.761311   12.669868   -12.249165   -11.994106   12.054852   11.808869   -11.988108   -11.882113   12.241614  
 nuovo strato   -12.804861   11.761193   12.669741   -12.249043   -11.993986   12.054732   11.808751   -11.987988   -11.881994   12.241492  
 nuovo strato   -12.804733   12.937344   12.669614   -12.248920   -11.993866   12.054612   11.808633   -11.987867   -11.881875   12.241370  
 nuovo strato   -12.804605   12.937214   12.669487   -12.248798   -11.993746   12.054492   12.989527   -11.987747   -11.881756   12.241248  
 nuovo strato   -12.804478   12.937084   12.669360   -12.248676   -11.993626   12.054372   12.989397   -11.987627   -13.069901   12.241126  
 nuovo strato   -12.804350   12.936954   12.669233   -12.248554   -11.993505   12.054252   12.989267   -13.186358   -13.069770   12.241004  
 nuovo strato   -12.804222   12.936825   12.669106   -12.248432   -13.192825   12.054132   12.989138   -13.186227   -13.069639   12.240882  
 nuovo strato   -12.804094   12.936695   12.668980   -12.248310   -13.192694   13.259576   12.989008   -13.186095   -13.069509   12.240760  
 nuovo strato   -12.803967   12.936565   12.668853   -12.248188   -13.192562   13.259443   12.988878   -13.185964   -13.069378   13.464867  
 nuovo strato   -12.803839   12.936436   12.668726   -13.472976   -13.192430   13.259311   12.988749   -13.185832   -13.069247   13.464732  
 nuovo strato   -12.803711   12.936306   13.935630   -13.472841   -13.192299   13.259178   12.988619   -13.185700   -13.069117   13.464598  
 nuovo strato   -14.084051   12.936176   13.935491   -13.472707   -13.192167   13.259046   12.988489   -13.185569   -13.068986   13.464463  
 nuovo strato   -14.083910   14.229825   13.935351   -13.472572   -13.192036   13.258913   12.988359   -13.185437   -13.068855   13.464329  
 nuovo strato   -14.083769   14.229683   13.935212   -13.472438   -13.191904   13.258780   14.287227   -13.185306   -13.068725   13.464194  
 nuovo strato   -14.083628   14.229541   13.935073   -13.472303   -13.191772   13.258648   14.287084   -13.185174   -14.375566   13.464060  
 nuovo strato   -14.083487   14.229399   13.934934   -13.472169   -13.191641   13.258515   14.286941   -14.503660   -14.375422   13.463925  
 nuovo strato   -14.083345   14.229257   13.934794   -13.472034   -14.510774   13.258383   14.286798   -14.503515   -14.375278   13.463791  
 nuovo strato   -14.083204   14.229115   13.934655   -13.471900   -14.510629   14.584252   14.286654   -14.503370   -14.375134   13.463656  
 nuovo strato   -14.083063   14.228972   13.934516   -13.471766   -14.510484   14.584106   14.286511   -14.503225   -14.374990   14.810053  
 nuovo strato   -14.082922   14.228830   13.934377   -14.818912   -14.510339   14.583961   14.286368   -14.503080   -14.374846   14.809905  
 nuovo strato   -14.082781   14.228688   15.327846   -14.818764   -14.510194   14.583815   14.286225   -14.502935   -14.374702   14.809757  
 nuovo strato   -15.491028   14.228546   15.327692   -14.818616   -14.510049   14.583669   14.286082   -14.502790   -14.374558   14.809609  
 nuovo strato   -15.490873   15.651432   15.327538   -14.818468   -14.509904   14.583523   14.285939   -14.502645   -14.374414   14.809462  
 nuovo strato   -15.490719   15.651276   15.327385   -14.818320   -14.509759   14.583377   15.714564   -14.502501   -14.374270   14.809314  
 nuovo strato   -15.490564   15.651119   15.327231   -14.818172   -14.509614   14.583231   15.714407   -14.502356   -15.811666   14.809166  
 nuovo strato   -15.490410   15.650963   15.327078   -14.818025   -14.509469   14.583085   15.714250   -15.952560   -15.811508   14.809018  
 nuovo strato   -15.490255   15.650806   15.326924   -14.817877   -15.960385   14.582939   15.714092   -15.952401   -15.811350   14.808870  
 nuovo strato   -15.490101   15.650650   15.326771   -14.817729   -15.960226   16.041264   15.713935   -15.952242   -15.811192   14.808722  
 nuovo strato   -15.489946   15.650494   15.326617   -14.817581   -15.960067   16.041103   15.713778   -15.952083   -15.811033   16.289625  
 nuovo strato   -15.489792   15.650337   15.326464   -16.299309   -15.959908   16.040943   15.713620   -15.951923   -15.810875   16.289463  
 nuovo strato   -15.489637   15.650181   16.859140   -16.299147   -15.959748   16.040783   15.713463   -15.951764   -15.810717   16.289301  
 nuovo strato   -17.038570   15.650024   16.858973   -16.298985   -15.959589   16.040623   15.713305   -15.951605   -15.810558   16.289139  
 nuovo strato   -17.038401   17.215057   16.858805   -16.298822   -15.959430   16.040462   15.713148   -15.951446   -15.810400   16.288977  
 nuovo strato   -17.038231   17.214886   16.858637   -16.298660   -15.959270   16.040302   17.284494   -15.951286   -15.810242   16.288815  
 nuovo strato   -17.038061   17.214714   16.858469   -16.298498   -15.959111   16.040142   17.284321   -15.951127   -17.391235   16.288652  
 nuovo strato   -17.037891   17.214542   16.858301   -16.298336   -15.958952   16.039982   17.284147   -17.546209   -17.391062   16.288490  
 nuovo strato   -17.037722   17.214371   16.858133   -16.298174   -17.554817   16.039822   17.283974   -17.546034   -17.390888   16.288328  
 nuovo strato   -17.037552   17.214199   16.857965   -16.298012   -17.554642   17.643835   17.283800   -17.545858   -17.390715   16.288166  
 nuovo strato   -17.037382   17.214027   16.857798   -16.297850   -17.554466   17.643658   17.283627   -17.545683   -17.390541   17.917013  
 nuovo strato   -17.037212   17.213856   16.857630   -17.927605   -17.554291   17.643480   17.283453   -17.545507   -17.390368   17.916834  
 nuovo strato   -17.037043   17.213684   18.543423   -17.927425   -17.554115   17.643303   17.283279   -17.545332   -17.390194   17.916655  
 nuovo strato   -18.740715   17.213512   18.543238   -17.927246   -17.553940   17.643126   17.283106   -17.545156   -17.390020   17.916475  
 nuovo strato   -18.740528   18.934895   18.543053   -17.927067   -17.553764   17.642948   17.282932   -17.544981   -17.389847   17.916296  
 nuovo strato   -18.740341   18.934706   18.542868   -17.926888   -17.553589   17.642771   19.011257   -17.544806   -17.389673   17.916117  
 nuovo strato   -18.740154   18.934517   18.542683   -17.926708   -17.553413   17.642593   19.011066   -17.544630   -19.128609   17.915937  
 nuovo strato   -18.739967   18.934328   18.542498   -17.926529   -17.553238   17.642418   19.010876   -19.299063   -19.128418   17.915758  
 nuovo strato   -18.739780   18.934139   18.542313   -17.926350   -19.308531   17.642242   19.010685   -19.298870   -19.128227   17.915579  
 nuovo strato   -18.739594   18.933950   18.542128   -17.926170   -19.308338   19.406498   19.010494   -19.298677   -19.128036   17.915400  
 nuovo strato   -18.739407   18.933762   18.541943   -17.925991   -19.308146   19.406303   19.010303   -19.298485   -19.127846   19.706970  
 nuovo strato   -18.739220   18.933573   18.541758   -19.718559   -19.307953   19.406109   19.010113   -19.298292   -19.127655   19.706774  
 nuovo strato   -18.739033   18.933384   20.395964   -19.718363   -19.307760   19.405914   19.009922   -19.298100   -19.127464   19.706577  
 nuovo strato   -20.612906   18.933195   20.395760   -19.718166   -19.307568   19.405720   19.009731   -19.297907   -19.127274   19.706381  
 nuovo strato   -20.612700   20.826546   20.395555   -19.717970   -19.307375   19.405525   19.009541   -19.297714   -19.127083   19.706184  
 nuovo strato   -20.612494   20.826338   20.395351   -19.717773   -19.307182   19.405331   20.910526   -19.297522   -19.126892   19.705988  
 nuovo strato   -20.612288   20.826130   20.395147   -19.717577   -19.306990   19.405136   20.910316   -19.297329   -21.039551   19.705791  
 nuovo strato   -20.612082   20.825922   20.394943   -19.717381   -19.306797   19.404942   20.910107   -21.227032   -21.039341   19.705595  
 nuovo strato   -20.611876   20.825714   20.394739   -19.717184   -21.237446   19.404747   20.909897   -21.226820   -21.039131   19.705399  
 nuovo strato   -20.611670   20.825506   20.394535   -19.716988   -21.237234   21.345253   20.909687   -21.226608   -21.038921   19.705202  
 nuovo strato   -20.611464   20.825298   20.394331   -19.716791   -21.237022   21.345039   20.909477   -21.226397   -21.038712   21.675753  
 nuovo strato   -20.611258   20.825090   20.394127   -21.688438   -21.236811   21.344826   20.909267   -21.226185   -21.038502   21.675535  
 nuovo strato   -20.611052   20.824883   22.433571   -21.688221   -21.236599   21.344612   20.909058   -21.225973   -21.038292   21.675318  
 nuovo strato   -22.672127   20.824675   22.433346   -21.688004   -21.236387   21.344398   20.908848   -21.225761   -21.038082   21.675100  
 nuovo strato   -22.671900   22.907173   22.433121   -21.687786   -21.236176   21.344185   20.908638   -21.225550   -21.037872   21.674883  
 nuovo strato   -22.671673   22.906944   22.432896   -21.687569   -21.235964   21.343971   22.999533   -21.225338   -21.037663   21.674665  
 nuovo strato   -22.671446   22.906715   22.432671   -21.687351   -21.235752   21.343758   22.999302   -21.225126   -23.141397   21.674448  
 nuovo strato   -22.671219   22.906487   22.432446   -21.687134   -21.235540   21.343544   22.999071   -23.347609   -23.141167   21.674231  
 nuovo strato   -22.670992   22.906258   22.432220   -21.686916   -23.359064   21.343330   22.998840   -23.347376   -23.140936   21.674013  
 nuovo strato   -22.670765   22.906029   22.431995   -21.686699   -23.358831   23.477694   22.998610   -23.347143   -23.140705   21.673796  
 nuovo strato   -22.670538   22.905800   22.431770   -21.686481   -23.358599   23.477459   22.998379   -23.346910   -23.140474   23.841206  


Nome file:     29_beta_P7.txt


Numero di neuroni di input:     600


Numero di campioni prelevati:     600


Numero di neuroni dello strato competitivo:     10


Tasso di apprendimento:     0.100000


Delta1:     0.200000


Delta2:     0.020000


