  -5.6653586e-02
   4.2709689e+00
   5.6442999e+00
   3.0081465e+00
  -1.5325739e+00
  -4.1092216e+00
  -3.0957116e+00
  -9.0388595e-01
  -1.4525124e-01
   1.8641674e-01
   1.9525387e+00
   3.5908373e+00
   2.4545009e+00
  -5.1339614e-01
  -2.4028323e+00
  -2.7868983e+00
  -2.7456426e+00
  -1.4837857e+00
   1.8986372e+00
   4.7627893e+00
   3.4070607e+00
  -1.2124127e+00
  -4.0373164e+00
  -2.5048207e+00
   6.5786158e-01
   1.9338819e+00
   1.2404200e+00
   3.5059944e-01
  -2.4081635e-01
  -9.2731845e-01
  -1.1707279e+00
  -2.4102749e-01
   8.4418197e-01
   3.3646748e-01
  -9.7251121e-01
  -1.2362962e-01
   2.8504922e+00
   3.2841401e+00
  -1.4084854e+00
  -6.3069245e+00
  -4.8278513e+00
   1.9994691e+00
   6.8846875e+00
   5.5127408e+00
   7.0734850e-02
  -4.9636347e+00
  -6.3428494e+00
  -2.8411966e+00
   3.2954823e+00
   6.5739201e+00
   3.4485281e+00
  -2.9734189e+00
  -5.8268828e+00
  -2.1538880e+00
   3.7207451e+00
   5.0321155e+00
   4.2637584e-01
  -4.3758873e+00
  -3.8023210e+00
   6.1122150e-01
   3.1012836e+00
   1.7377599e+00
  -1.7478120e-01
  -4.0050658e-02
   4.9626537e-01
  -1.0843191e+00
  -3.4851845e+00
  -2.5519917e+00
   2.5214536e+00
   6.2616854e+00
   3.3226358e+00
  -3.4677452e+00
  -6.0581948e+00
  -2.1079806e+00
   2.3174767e+00
   2.2341224e+00
   2.9741766e-01
   8.3656201e-01
   2.3627205e+00
   7.4161914e-01
  -3.3073305e+00
  -4.7988395e+00
  -1.4706305e+00
   3.3866589e+00
   5.0171416e+00
   2.1661961e+00
  -2.1110768e+00
  -3.7676980e+00
  -1.8378333e+00
   8.6235318e-01
   1.3366975e+00
  -3.6698690e-03
  -4.1184450e-01
   1.0512190e+00
   2.2383035e+00
   1.1953173e+00
  -1.1416683e+00
  -2.6935442e+00
  -2.8733838e+00
  -1.8524157e+00
   6.9265038e-01
   3.8316750e+00
   4.6626240e+00
   2.0069026e+00
  -1.4851047e+00
  -3.2860859e+00
  -4.0207825e+00
  -4.0872263e+00
  -1.1876982e+00
   4.9223972e+00
   8.5587556e+00
   4.2325220e+00
  -4.6121488e+00
  -8.3375505e+00
  -3.2299431e+00
   3.8252688e+00
   4.6526971e+00
  -1.7985458e-01
  -3.6043950e+00
  -1.7239094e+00
   2.3649165e+00
   3.7198232e+00
   1.3663541e+00
  -1.7313033e+00
  -2.5624304e+00
  -1.0642499e+00
   1.4986034e-01
  -6.9993833e-01
  -1.5907459e+00
   5.1275534e-01
   4.0562360e+00
   4.0792387e+00
  -2.9808087e-01
  -4.1031003e+00
  -3.5190297e+00
  -4.6628302e-01
   1.2919001e+00
   1.1810632e+00
   1.1246072e+00
   1.6586243e+00
   9.0237022e-01
  -1.9423670e+00
  -3.7968211e+00
  -1.3228998e+00
   3.2816367e+00
   4.1754645e+00
   5.4660211e-02
  -3.7733125e+00
  -2.7932008e+00
   9.9745410e-01
   2.7341047e+00
   1.3026251e+00
  -3.0267591e-01
  -2.5132453e-01
  -4.8145108e-01
  -2.5030246e+00
  -3.2859903e+00
   5.2120641e-01
   5.6789681e+00
   5.3930288e+00
  -6.8502928e-01
  -5.5267228e+00
  -4.6554576e+00
  -1.0427832e+00
   1.3516429e+00
   2.8967076e+00
   4.4235820e+00
   3.4633906e+00
  -1.4050171e+00
  -6.1157961e+00
  -5.5867624e+00
  -5.8156037e-01
   3.6887298e+00
   4.2821415e+00
   2.5691439e+00
   8.3621861e-01
  -2.6729557e-01
  -1.5056025e+00
  -3.6466931e+00
  -5.3674851e+00
  -3.1830946e+00
   3.7025594e+00
   9.4989313e+00
   7.2533141e+00
  -1.8331052e+00
  -8.8558132e+00
  -7.5425194e+00
  -5.9911089e-01
   4.8318020e+00
   4.9753253e+00
   1.6380836e+00
  -1.2592785e+00
  -1.7770089e+00
  -9.0126190e-01
  -3.2993803e-01
  -3.5094717e-01
  -3.3876316e-01
  -4.6260231e-02
   6.7103089e-01
   1.8608857e+00
   2.1551764e+00
  -1.7213724e-01
  -3.6264290e+00
  -4.0316274e+00
  -2.1544709e-01
   3.8007626e+00
   3.9369913e+00
   9.2126358e-01
  -1.6316344e+00
  -2.1261159e+00
  -1.8065149e+00
  -1.4729576e+00
  -1.3688208e-01
   2.2016219e+00
   3.0550406e+00
   9.3665259e-01
  -1.6064462e+00
  -1.3541901e+00
   6.0646937e-01
   5.7397059e-01
  -1.9647527e+00
  -3.5002055e+00
  -1.2569342e+00
   3.4757835e+00
   6.5310630e+00
   4.4000187e+00
  -2.2934643e+00
  -8.1323044e+00
  -7.3794736e+00
  -2.4730740e-01
   6.6806693e+00
   7.4147487e+00
   2.5529055e+00
  -2.7335561e+00
  -4.7152271e+00
  -3.4109857e+00
  -7.5683416e-01
   1.4019553e+00
   2.2487792e+00
   2.0372703e+00
   1.1039732e+00
  -5.2147103e-01
  -1.9581976e+00
  -1.6242557e+00
   2.1234761e-01
   1.0975526e+00
   7.1413695e-02
  -7.5559998e-01
   1.3599663e-01
   1.2057318e+00
   7.6879618e-01
  -3.2840346e-01
  -6.7916782e-01
  -5.4795383e-01
  -5.5338814e-01
  -2.5178037e-01
   5.2962424e-01
   8.1059070e-01
   1.7763305e-01
  -2.7725568e-01
   1.7185673e-01
   5.6723286e-01
  -1.8742885e-01
  -1.5364449e+00
  -1.7561919e+00
   1.3927664e-01
   2.9152494e+00
   3.5927546e+00
   5.0782946e-01
  -3.9065028e+00
  -5.0280802e+00
  -1.4086238e+00
   3.3146000e+00
   4.7167033e+00
   2.3301415e+00
  -9.7510133e-01
  -2.8621046e+00
  -3.0162841e+00
  -1.7154577e+00
   7.7645101e-01
   3.1636000e+00
   3.3760239e+00
   8.7457964e-01
  -2.3239371e+00
  -3.6928440e+00
  -2.4321306e+00
   5.4848933e-01
   3.3622576e+00
   3.7046593e+00
   8.1775978e-01
  -2.7463912e+00
  -3.4777273e+00
  -1.1433701e+00
   1.3830795e+00
   2.0786553e+00
   1.2709357e+00
  -1.0654521e-01
  -1.2392877e+00
  -1.0499207e+00
   4.6811678e-01
   1.2394097e+00
  -2.0070754e-01
  -1.9398266e+00
  -1.2098496e+00
   1.2477926e+00
   2.2539260e+00
   1.0979708e+00
   1.0224236e-01
   1.1151729e-03
  -1.4295165e+00
  -4.2178126e+00
  -3.7092871e+00
   2.5182886e+00
   8.3219918e+00
   5.6632041e+00
  -3.5374273e+00
  -8.7025713e+00
  -4.3659652e+00
   3.2776132e+00
   5.4814602e+00
   1.6152773e+00
  -2.3294705e+00
  -2.3887421e+00
   1.5769345e-02
   1.8642925e+00
   2.0889568e+00
   9.5362529e-01
  -1.4192719e+00
  -4.0673420e+00
  -4.1671327e+00
   2.0401220e-01
   6.0768355e+00
   7.1743398e+00
   1.2013011e+00
  -6.2741144e+00
  -7.5887050e+00
  -1.8946340e+00
   4.2322103e+00
   5.1495982e+00
   2.1048670e+00
  -4.6018053e-01
  -1.3280343e+00
  -2.2213132e+00
  -3.2124651e+00
  -2.1880399e+00
   1.2784409e+00
   4.3427499e+00
   4.0927758e+00
   8.9893995e-01
  -2.3228912e+00
  -3.3449860e+00
  -2.3274510e+00
  -8.2836102e-01
   1.5017001e-01
   1.0917073e+00
   2.7910759e+00
   4.0566996e+00
   1.9893113e+00
  -3.4792024e+00
  -6.9622271e+00
  -3.6020910e+00
   3.2626110e+00
   5.7482830e+00
   2.3183112e+00
  -1.1146717e+00
  -9.9869434e-01
  -3.2642750e-01
  -1.7892833e+00
  -2.9610421e+00
  -9.5125104e-01
   2.5275563e+00
   3.7453633e+00
   1.9466579e+00
  -7.5848559e-01
  -2.5480172e+00
  -2.7330050e+00
  -1.1967565e+00
   9.6137514e-01
   1.8598032e+00
   1.3968460e+00
   1.2587080e+00
   1.4059347e+00
  -2.9124084e-01
  -3.5524878e+00
  -4.4378224e+00
  -8.8557817e-01
   3.5272195e+00
   4.1587700e+00
   1.3744531e+00
  -9.4988605e-01
  -1.2247521e+00
  -1.0213947e+00
  -1.1551000e+00
  -6.1827802e-01
   4.9490661e-01
   4.8937547e-01
  -6.1495767e-01
  -4.1708222e-01
   1.7462502e+00
   2.8871457e+00
   6.2890509e-01
  -2.8763052e+00
  -3.5793761e+00
  -7.5374236e-01
   2.3132275e+00
   2.4025970e+00
   2.0927723e-02
  -1.3729390e+00
   1.4372911e-01
   2.0478447e+00
   6.2281657e-01
  -3.1763772e+00
  -4.1164122e+00
  -2.6260123e-02
   4.5443557e+00
   4.3311260e+00
   1.8691958e-01
  -2.9821461e+00
  -2.8354557e+00
  -1.0580052e+00
   3.0227774e-01
   9.6648512e-01
   1.2283469e+00
   9.2124696e-01
   2.0577255e-01
  -2.9698610e-02
   3.7147620e-01
   1.6312552e-02
  -1.8403394e+00
  -3.1549912e+00
  -1.3638672e+00
   2.5504005e+00
   4.6834256e+00
   3.0780069e+00
  -3.1715076e-01
  -2.9434618e+00
  -4.3318292e+00
  -4.3150907e+00
  -1.3167881e+00
   4.5466153e+00
   8.3510311e+00
   4.8389189e+00
  -3.7271316e+00
  -8.6404753e+00
  -5.1765035e+00
   1.8820195e+00
   5.0749590e+00
   3.1406781e+00
   3.2700843e-01
  -5.0481935e-01
  -4.4354785e-01
  -1.1866414e+00
  -2.4157903e+00
  -2.6039596e+00
  -5.4338630e-01
   3.3133569e+00
   5.7346378e+00
   3.0667722e+00
  -3.2369592e+00
  -6.4563457e+00
  -3.0744064e+00
   1.9999480e+00
   2.7883631e+00
   9.5847975e-01
   1.3480617e+00
   2.4587378e+00
  -4.7012939e-01
  -5.0772184e+00
  -4.1216726e+00
   2.1215656e+00
   5.2761837e+00
   1.7450656e+00
  -2.5470888e+00
  -2.0667978e+00
   9.9679041e-01
   1.6391777e+00
  -8.4234310e-01
  -2.9698583e+00
  -1.7533645e+00
   2.1008522e+00
   4.7617930e+00
   3.0017277e+00
  -2.1536167e+00
  -5.9286231e+00
  -4.4601598e+00
   1.1573986e+00
   5.7579694e+00
   5.2242981e+00
   5.0913365e-01
  -3.8761697e+00
  -4.6781709e+00
  -2.1126120e+00
   1.5424452e+00
   3.5675597e+00
   2.2960555e+00
  -7.4643883e-01
  -1.8932086e+00
  -5.0684951e-01
  -8.0148894e-04
  -1.4408848e+00
  -8.8758528e-01
   3.1873344e+00
   5.1193812e+00
   2.0992827e-01
  -6.5572245e+00
  -6.5482121e+00
   3.1178145e-01
   6.0159073e+00
   5.7434036e+00
   1.9988244e+00
  -1.8391807e+00
  -5.0469521e+00
  -6.0141868e+00
  -2.1195852e+00
   4.7622717e+00
   8.1998420e+00
   4.7523820e+00
  -2.4662446e+00
  -8.0177623e+00
  -7.9619811e+00
  -1.2537495e+00
   7.6402719e+00
   1.0093004e+01
   2.8121432e+00
  -6.5424414e+00
  -8.1576812e+00
  -1.9148199e+00
   3.9468461e+00
   3.8919080e+00
   4.2065382e-01
  -1.3357973e+00
  -4.7307282e-01
   2.1311691e-01
  -5.6066554e-01
  -9.8876833e-01
   3.2291776e-01
   1.9331321e+00
   1.6828982e+00
  -4.4438868e-01
  -2.6825885e+00
  -3.3189999e+00
  -1.4185917e+00
   2.4192519e+00
   5.2963753e+00
   4.1555678e+00
  -5.3283395e-01
  -4.8803973e+00
  -5.5804881e+00
  -2.6014615e+00
   1.6373778e+00
   4.4910747e+00
   4.6013817e+00
   2.1494135e+00
  -1.5034068e+00
  -4.1208018e+00
  -3.7312091e+00
  -8.1132695e-01
   1.6618102e+00
   1.8591969e+00
   1.3382895e+00
   1.7080237e+00
   1.3084852e+00
  -1.5534277e+00
  -4.1479287e+00
  -2.4500082e+00
   2.2592152e+00
   4.2756078e+00
   1.1508956e+00
  -3.0205969e+00
  -3.0294044e+00
   9.7982719e-01
   3.9107499e+00
   1.9189760e+00
  -2.8270369e+00
  -4.4540758e+00
  -7.6180924e-01
   3.4839950e+00
   2.7868791e+00
  -1.2805166e+00
  -2.3613747e+00
   1.2210140e+00
   3.9240835e+00
   1.0431295e+00
  -4.5905140e+00
  -6.2602957e+00
  -1.5618207e+00
   5.0619869e+00
   7.2113573e+00
   3.0116595e+00
  -3.1687897e+00
  -5.5966071e+00
  -3.3606260e+00
  -1.2677948e-01
   1.7169045e+00
   3.1147684e+00
   4.0130653e+00
   1.8202821e+00
  -3.3774315e+00
  -6.4173791e+00
  -3.2875321e+00
   3.0863263e+00
   6.1945110e+00
   3.4655078e+00
  -1.6061834e+00
  -4.1240457e+00
  -2.9263263e+00
  -4.9708542e-01
   1.0179622e+00
   1.7472015e+00
   2.2710308e+00
   2.0613294e+00
   3.6841025e-01
  -2.3651273e+00
  -4.2366536e+00
  -3.1715203e+00
   7.1225084e-01
   4.3986869e+00
   4.8304397e+00
   2.0143759e+00
  -1.7102009e+00
  -4.3727186e+00
  -4.9194382e+00
  -2.5173367e+00
   2.2932948e+00
   6.3042492e+00
   5.8814782e+00
   9.1923372e-01
  -4.7345041e+00
  -6.9206733e+00
  -4.4392540e+00
   7.4280402e-01
   5.2081746e+00
   6.2366755e+00
   3.5149221e+00
  -9.5615949e-01
  -4.7180011e+00
  -6.0911483e+00
  -4.0524332e+00
   1.0609483e+00
   6.1280249e+00
   6.7320117e+00
   1.8047244e+00
  -4.2716512e+00
  -5.8586891e+00
  -2.1218891e+00
   2.3837161e+00
   3.2343736e+00
   7.7330352e-01
  -1.4479738e+00
  -1.3381410e+00
   8.6272989e-02
   8.7364302e-01
   5.0540389e-01
   1.0106556e-01
   6.4394926e-01
   1.1067395e+00
  -5.4351504e-01
  -3.5723963e+00
  -3.7722547e+00
   8.7755354e-01
   5.7386082e+00
   4.7455568e+00
  -8.9417780e-01
  -4.1160790e+00
  -2.1376675e+00
   3.0052160e-01
  -6.9190612e-01
  -2.0995784e+00
   2.5465746e-01
   4.2381517e+00
   4.4286253e+00
   3.0563226e-01
  -3.3483285e+00
  -3.4560069e+00
  -1.6870922e+00
  -2.9757326e-01
   9.5571297e-01
   2.4347478e+00
   2.5652065e+00
   3.5268240e-01
  -2.1499454e+00
  -2.0901218e+00
   3.7969834e-01
   2.1525353e+00
   9.4238983e-01
  -1.8822835e+00
  -2.8317088e+00
  -5.2874857e-01
   2.5374829e+00
   2.9367139e+00
   2.2466566e-01
  -2.5600057e+00
  -2.2338189e+00
   7.4925138e-01
   2.6708910e+00
   1.3779215e+00
  -1.0175366e+00
  -1.7307221e+00
  -1.1323511e+00
  -7.9646919e-01
  -3.5298814e-01
   1.0810637e+00
   2.4628248e+00
   2.2015452e+00
   4.3505189e-01
  -1.6701510e+00
  -3.3157556e+00
  -3.4470880e+00
  -6.6600735e-01
   4.0044385e+00
   5.8903322e+00
   1.8345020e+00
  -4.1087938e+00
  -4.9482433e+00
  -7.0138180e-01
   1.9651001e+00
   5.7281671e-01
  -1.3917294e-01
   2.1680377e+00
   2.8715680e+00
  -9.5334286e-01
  -4.5487122e+00
  -2.8867762e+00
   1.5644312e+00
   3.3190677e+00
   1.8052379e+00
   2.0161215e-01
  -4.4109014e-01
  -1.4659159e+00
  -2.7562687e+00
  -2.2940209e+00
   6.8081385e-01
   4.0396427e+00
   4.6067969e+00
   1.2964744e+00
  -3.4897964e+00
  -5.7525791e+00
  -3.5487826e+00
   1.2173609e+00
   4.7517686e+00
   4.8570707e+00
   2.1215119e+00
  -1.6693046e+00
  -4.7210628e+00
  -5.0192407e+00
  -1.5318061e+00
   3.3869178e+00
   5.2619687e+00
   2.6498599e+00
  -1.0569167e+00
  -2.3246261e+00
  -1.7136015e+00
  -1.5760210e+00
  -1.6242257e+00
   2.2447163e-01
   3.2977643e+00
   3.8976048e+00
   6.0579260e-01
  -3.0169769e+00
  -3.1067944e+00
  -6.9121433e-01
   5.4229598e-01
   1.0789835e-01
   6.6547404e-01
   2.4922207e+00
   2.3237752e+00
  -1.0167182e+00
  -3.7165818e+00
  -2.1837552e+00
   1.5648010e+00
   2.7232361e+00
   4.3769812e-01
  -1.5309785e+00
  -7.6540840e-01
   5.8399846e-01
   2.3871139e-03
  -1.0563312e+00
   1.2777527e-03
   2.0074797e+00
   1.7536841e+00
  -6.5865685e-01
  -2.0241745e+00
  -1.0740085e+00
   1.9996709e-01
   2.7610283e-01
  -3.1891415e-02
   9.5230335e-02
   2.1012788e-01
   3.4101272e-01
   1.1800646e+00
   1.8257019e+00
   2.9318528e-01
  -2.7876398e+00
  -3.8576118e+00
  -1.1682979e+00
   2.4581234e+00
   3.2365324e+00
   1.2084097e+00
  -4.4657861e-01
  -1.3148073e-01
