  -2.2914718e-01
   3.0873747e+00
   3.8784370e+00
   2.2448218e+00
   3.6412716e-01
  -9.7495609e-01
  -3.0271251e+00
  -5.2892294e+00
  -3.9817590e+00
   2.3878025e+00
   8.2182275e+00
   6.5206954e+00
  -1.1821697e+00
  -5.9051436e+00
  -3.1388960e+00
   1.2014440e+00
  -1.7332411e-01
  -4.6112704e+00
  -2.9528199e+00
   5.9381666e+00
   1.0950835e+01
   3.5111450e+00
  -8.6923532e+00
  -1.0685990e+01
  -7.0540113e-01
   7.6455807e+00
   4.6810941e+00
  -3.1950602e+00
  -4.5582565e+00
   1.2483327e+00
   5.4251766e+00
   2.7182986e+00
  -3.0483665e+00
  -5.6281103e+00
  -3.5412078e+00
   7.1901543e-01
   4.6271552e+00
   5.9850514e+00
   2.7745993e+00
  -3.5549940e+00
  -7.2016276e+00
  -4.1236868e+00
   2.5538623e+00
   5.8680510e+00
   2.8824482e+00
  -2.2370209e+00
  -3.2653387e+00
   2.8097140e-01
   2.4970041e+00
  -1.9591364e-01
  -3.3085676e+00
  -1.3138987e+00
   3.1996974e+00
   3.4454992e+00
  -7.8482866e-01
  -3.1755971e+00
  -1.1942629e+00
   7.5780929e-01
  -1.1360451e-01
  -3.0462059e-01
   2.5591673e+00
   3.8876222e+00
  -5.9536395e-01
  -6.3144629e+00
  -5.3814190e+00
   1.6997047e+00
   6.5299306e+00
   4.5146764e+00
  -1.4954215e-01
  -2.3749019e+00
  -2.9624991e+00
  -3.9439769e+00
  -2.7266965e+00
   2.7827201e+00
   7.0884182e+00
   3.4844685e+00
  -4.1264411e+00
  -5.1772889e+00
   1.3188048e+00
   4.5023916e+00
  -1.2571115e+00
  -6.8733645e+00
  -2.5495916e+00
   6.5587955e+00
   7.8617989e+00
   8.9818878e-02
  -5.8283350e+00
  -3.6808113e+00
   5.2303479e-01
   2.0433963e-01
  -1.7326744e+00
   3.1068540e-01
   4.3087689e+00
   4.0987347e+00
  -2.6972136e-01
  -3.0822609e+00
  -2.4967133e+00
  -1.9960605e+00
  -2.3185673e+00
   9.3134004e-02
   4.8623990e+00
   5.6618168e+00
   5.0722226e-02
  -5.1444129e+00
  -3.2941210e+00
   1.9438961e+00
   2.1687412e+00
  -2.6896619e+00
  -4.0965230e+00
   1.6521066e+00
   7.0095329e+00
   4.2461196e+00
  -2.9692418e+00
  -5.4483833e+00
  -1.9918948e+00
   5.8452963e-01
  -7.1755442e-01
  -1.0741493e+00
   2.8903956e+00
   6.2689124e+00
   2.7999117e+00
  -4.8345510e+00
  -7.5542736e+00
  -2.0545021e+00
   5.0573585e+00
   5.9359980e+00
   2.9201859e-01
  -5.1958688e+00
  -4.4159693e+00
   1.3114906e+00
   4.7584053e+00
   2.3237370e+00
  -1.4270473e+00
  -1.6387927e+00
  -3.1076276e-01
  -8.2399190e-01
  -1.2045801e+00
   9.9294130e-01
   2.5802423e+00
   2.3971102e-01
  -2.6838126e+00
  -1.5719415e+00
   1.5138496e+00
   1.7767094e+00
  -7.5064756e-02
  -3.7412765e-02
   1.4684177e+00
   4.9153941e-01
  -3.1156986e+00
  -4.7901359e+00
  -1.6339120e+00
   4.0936231e+00
   7.6761817e+00
   5.5921019e+00
  -2.1106872e+00
  -1.0086073e+01
  -1.0272932e+01
  -5.1356244e-01
   1.0394170e+01
   1.1145193e+01
   1.6203102e+00
  -6.9354942e+00
  -6.5503347e+00
  -1.5219072e+00
   3.9541117e-01
  -1.8715469e-01
   2.1501425e+00
   5.9979333e+00
   4.0975912e+00
  -3.8929269e+00
  -8.5477394e+00
  -3.7318129e+00
   4.5507240e+00
   6.6812405e+00
   1.8267985e+00
  -2.9171191e+00
  -2.9909840e+00
  -8.6278920e-01
  -1.2985671e-01
  -1.9702356e-02
   1.5294201e+00
   2.8442259e+00
   9.5260269e-01
  -2.6465077e+00
  -3.3377554e+00
  -2.8287260e-01
   2.2921314e+00
   1.3668088e+00
  -8.6623454e-01
  -6.5674186e-01
   1.8847433e+00
   2.8157882e+00
  -3.9226849e-01
  -4.8574313e+00
  -5.1350827e+00
  -1.6050107e-01
   4.9169719e+00
   5.0915041e+00
   1.5539753e+00
  -8.8511661e-01
  -8.9251679e-01
  -1.5423060e+00
  -4.0699436e+00
  -4.8887655e+00
  -9.5492992e-01
   4.9867847e+00
   7.3117281e+00
   4.1660532e+00
  -1.0603866e+00
  -4.3678000e+00
  -5.0204759e+00
  -4.0179856e+00
  -1.1740394e+00
   3.3567273e+00
   6.2295259e+00
   3.9119653e+00
  -1.5606353e+00
  -4.1126692e+00
  -1.6772345e+00
   1.1778408e+00
   1.2744418e-01
  -2.7721838e+00
  -2.3088298e+00
   2.3653294e+00
   6.1510112e+00
   4.0406948e+00
  -2.6623451e+00
  -7.2210178e+00
  -4.9068850e+00
   1.5366062e+00
   5.4778537e+00
   4.3411950e+00
   1.1694849e+00
  -1.1717938e+00
  -3.3253872e+00
  -5.4203505e+00
  -3.8465886e+00
   3.1768120e+00
   9.2877031e+00
   6.3285837e+00
  -3.4197013e+00
  -9.0271391e+00
  -5.3851003e+00
   1.5646146e+00
   4.6108158e+00
   3.3460610e+00
   1.3405016e+00
   4.3970366e-01
  -3.9085300e-01
  -2.5399975e+00
  -4.7697808e+00
  -3.4746527e+00
   2.2407387e+00
   7.1562579e+00
   5.5393074e+00
  -8.4039048e-01
  -5.0624369e+00
  -4.4460686e+00
  -2.1938102e+00
  -4.8200344e-01
   2.0139639e+00
   5.0811723e+00
   4.9446971e+00
  -1.4340152e-01
  -5.6414002e+00
  -5.5433346e+00
  -2.1412130e-01
   4.0591832e+00
   3.1884335e+00
  -4.0591594e-01
  -2.1279589e+00
  -8.2147599e-01
   1.1112063e+00
   1.3035486e+00
  -1.6914429e-01
  -1.5539401e+00
  -1.5828117e+00
  -1.9459209e-01
   1.8992721e+00
   2.9370675e+00
   9.5888343e-01
  -2.8554563e+00
  -3.9477079e+00
  -4.7209044e-01
   3.1263347e+00
   2.3402095e+00
  -6.2879523e-01
  -9.3106037e-01
   8.5730089e-01
   3.8357677e-01
  -2.2185040e+00
  -2.0906337e+00
   1.6077317e+00
   3.0920558e+00
  -6.8334525e-01
  -3.8100523e+00
  -3.6537559e-01
   5.0152577e+00
   3.6427271e+00
  -3.0459379e+00
  -5.5355656e+00
  -1.2979640e+00
   2.4787604e+00
   1.5204447e+00
  -4.6713002e-02
   1.4202071e+00
   2.8695236e+00
   2.5585367e-01
  -4.5501601e+00
  -5.7366437e+00
  -8.9563235e-01
   5.5182186e+00
   6.7865453e+00
   1.6170397e+00
  -4.4379035e+00
  -5.6948285e+00
  -2.1609577e+00
   2.1868490e+00
   4.0628447e+00
   2.5259570e+00
  -1.0830126e+00
  -3.3707245e+00
  -1.7491525e+00
   1.7823569e+00
   2.5553412e+00
  -2.3006274e-01
  -2.2922092e+00
  -7.3563750e-01
   1.8830154e+00
   1.8008107e+00
  -6.9396089e-01
  -2.4895994e+00
  -1.8920066e+00
   4.3593252e-01
   2.8176117e+00
   3.1188755e+00
   3.0274998e-01
  -3.0428503e+00
  -2.8331466e+00
   3.6419718e-01
   1.4899345e+00
  -7.6945730e-01
  -1.3313334e+00
   2.3284784e+00
   4.5218799e+00
   1.4363713e-01
  -5.8025323e+00
  -4.5627277e+00
   3.0457630e+00
   6.9553300e+00
   1.6905716e+00
  -6.1433175e+00
  -6.6492029e+00
   8.4259273e-01
   7.4815634e+00
   5.9234032e+00
  -1.5043513e+00
  -6.5435918e+00
  -4.6794797e+00
   1.0774952e+00
   4.7233996e+00
   3.0692261e+00
  -1.9303388e+00
  -4.5573133e+00
  -8.3940968e-01
   5.4274018e+00
   5.5260317e+00
  -2.3056271e+00
  -8.3992815e+00
  -4.3692252e+00
   4.3019078e+00
   6.2243018e+00
   9.3092291e-01
  -2.2659275e+00
  -1.8933102e-01
   8.5430363e-01
  -2.0340592e+00
  -3.4182205e+00
  -2.3754528e-02
   3.4573098e+00
   2.5262344e+00
  -5.1363630e-01
  -1.3292703e+00
   1.7382065e-01
   8.0812421e-01
  -1.2551083e+00
  -3.7552009e+00
  -2.2766070e+00
   3.4363655e+00
   6.7863359e+00
   2.5244554e+00
  -4.4682776e+00
  -5.3688307e+00
  -3.7962775e-01
   2.6239374e+00
   8.2917771e-01
  -9.9110459e-01
  -1.2055168e-01
   6.3668567e-01
  -9.0021741e-02
   3.9710179e-01
   2.5183759e+00
   2.0804000e+00
  -2.4908090e+00
  -5.8793996e+00
  -3.0476770e+00
   2.9879421e+00
   5.2034150e+00
   2.2914898e+00
  -6.1815948e-01
  -5.1359914e-01
  -4.1793788e-01
  -2.8774965e+00
  -4.4951067e+00
  -1.1777113e+00
   4.4567973e+00
   5.9811798e+00
   1.9533139e+00
  -2.6606269e+00
  -3.4740895e+00
  -1.5879759e+00
  -7.5039649e-01
  -1.6169601e+00
  -8.1878635e-01
   3.5950211e+00
   7.4946598e+00
   4.5459773e+00
  -4.7993470e+00
  -1.1438964e+01
  -7.2766512e+00
   4.5034270e+00
   1.1670362e+01
   6.5487028e+00
  -4.4606392e+00
  -8.1381591e+00
  -1.2482854e+00
   5.1321353e+00
   1.5693039e+00
  -5.4995304e+00
  -3.6884232e+00
   5.3404895e+00
   7.6773564e+00
  -1.0552136e+00
  -8.4491296e+00
  -4.1606191e+00
   5.0716776e+00
   6.7092967e+00
   4.3060478e-01
  -4.2106599e+00
  -2.8975905e+00
  -1.0191695e-01
   1.1415832e-01
  -8.5678813e-01
  -8.9403052e-02
   2.6046403e+00
   4.5468512e+00
   2.7724557e+00
  -2.3621189e+00
  -6.3034152e+00
  -4.9928449e+00
   1.9048073e-01
   4.2601563e+00
   4.4219068e+00
   1.9045988e+00
  -8.9781533e-01
  -2.5056409e+00
  -2.1622605e+00
  -2.8999135e-01
   1.0438474e+00
   4.4766609e-01
  -5.7622718e-01
   6.2171310e-02
   1.5002756e+00
   1.1750562e+00
  -9.4768238e-01
  -2.0083232e+00
  -5.3771102e-01
   1.2964681e+00
   1.0218692e+00
  -6.0514153e-01
  -1.1516919e+00
  -2.6116173e-02
   1.2465474e+00
   1.2311602e+00
  -8.7689473e-02
  -1.4589451e+00
  -1.3695627e+00
   2.9763070e-01
   1.5590474e+00
   5.4477658e-01
  -1.4878220e+00
  -1.3144001e+00
   1.3420705e+00
   2.6215040e+00
   1.8238645e-01
  -2.6115723e+00
  -1.5454720e+00
   1.4702065e+00
   1.1667526e+00
  -2.0406154e+00
  -1.9809513e+00
   2.7925493e+00
   5.1582725e+00
   2.3567044e-01
  -5.8697103e+00
  -4.5607644e+00
   2.1468728e+00
   4.8476958e+00
   1.0632924e+00
  -2.2155995e+00
  -6.5560659e-01
   1.3151512e+00
  -5.6366941e-01
  -2.8431484e+00
  -7.0621584e-01
   3.5641165e+00
   3.9919813e+00
  -4.4489574e-01
  -4.9822935e+00
  -4.8791385e+00
   2.6449053e-01
   5.9257094e+00
   6.0363483e+00
  -2.3496398e-01
  -6.1188338e+00
  -5.1846355e+00
   4.2049150e-01
   3.8148705e+00
   2.8092268e+00
   6.2536166e-01
  -4.7386151e-01
  -1.1201051e+00
  -1.6903867e+00
  -1.5160826e+00
  -5.4792009e-01
   9.2024740e-01
   2.8400956e+00
   3.8307868e+00
   1.3086766e+00
  -4.4677727e+00
  -8.2278490e+00
  -4.4036294e+00
   5.4235119e+00
   1.1771907e+01
   6.9350335e+00
  -4.7629733e+00
  -1.0816395e+01
  -6.0114223e+00
   1.6150015e+00
   3.4123770e+00
   1.8467061e+00
   3.3315418e+00
   5.5898354e+00
   1.7437682e+00
  -6.1796164e+00
  -8.4569150e+00
  -2.4157057e+00
   3.7203809e+00
   3.6823430e+00
   1.2259386e+00
   1.7440808e+00
   3.0766958e+00
   2.3855787e-01
  -5.1441716e+00
  -6.3257561e+00
  -1.2077281e+00
   4.5061903e+00
   5.0174741e+00
   1.4423161e+00
  -1.4183211e+00
  -2.0003632e+00
  -1.6610390e+00
  -4.3192524e-01
   1.6288292e+00
   1.5054947e+00
  -2.2096365e+00
  -4.3383825e+00
   2.1235464e-01
   6.8265345e+00
   6.2035503e+00
  -1.8088822e+00
  -7.4933941e+00
  -4.9524585e+00
   9.3490878e-01
   3.2079496e+00
   2.0322013e+00
   1.4691274e+00
   1.7005109e+00
  -7.6337081e-02
  -3.0535569e+00
  -3.1161068e+00
   1.0230040e-01
   2.1218967e+00
   9.0451073e-01
  -2.1301339e-01
   9.8154682e-01
   1.5525327e+00
  -8.9349504e-01
  -3.2621012e+00
  -1.8282947e+00
   1.5041805e+00
   2.3445486e+00
   7.6732473e-01
   8.3337160e-02
   3.6204657e-01
  -8.4340759e-01
  -2.3571227e+00
  -8.5855446e-01
   2.1350100e+00
   2.0384000e+00
  -7.8557260e-01
  -1.9339116e+00
  -6.1391878e-01
   4.3318713e-01
   8.4765605e-01
   1.9686248e+00
   2.1125090e+00
  -1.1560427e+00
  -5.0890913e+00
  -3.9109864e+00
   2.4564850e+00
   6.5021977e+00
   2.7050690e+00
  -3.9578318e+00
  -4.0356423e+00
   2.4596904e+00
   4.9409126e+00
  -2.0248857e+00
  -8.8865494e+00
  -4.0946955e+00
   7.7630681e+00
   1.1062273e+01
   1.4808131e+00
  -8.1995931e+00
  -7.0616111e+00
   3.4628304e-01
   3.9958167e+00
   2.0956666e+00
  -8.3478498e-01
  -1.9236208e+00
  -6.9856957e-01
   2.4521812e+00
   4.5301605e+00
   1.5291950e+00
  -4.8790234e+00
  -7.1544301e+00
  -1.8586347e+00
   4.9247162e+00
   5.8422204e+00
   1.5696055e+00
  -2.0433227e+00
  -2.4148847e+00
  -1.4588237e+00
  -6.7327790e-01
   4.2028032e-01
   1.4743759e+00
   9.9389147e-01
  -6.5173014e-01
  -1.0992659e+00
   3.0968074e-01
   1.3083410e+00
   2.3213935e-01
  -1.3006381e+00
  -8.4353587e-01
   9.4579523e-01
   1.0934629e+00
  -9.3864045e-01
  -1.9810346e+00
  -5.6115363e-02
   2.2026824e+00
   1.7240962e+00
   1.4161786e-02
   6.1456514e-02
   3.5411234e-01
  -2.4995044e+00
  -5.8725311e+00
  -2.8503007e+00
   6.0983673e+00
   1.0418567e+01
   3.3700789e+00
  -7.3099060e+00
  -9.1923772e+00
  -1.5386912e+00
   5.0717083e+00
   3.6357025e+00
  -1.3011332e+00
  -1.6981878e+00
   2.4508164e+00
   3.6102625e+00
  -1.7627366e+00
  -6.8246738e+00
  -3.3951260e+00
   5.2488224e+00
   7.5083521e+00
   9.6793922e-02
  -6.5711348e+00
  -3.6994495e+00
   3.2340847e+00
   4.0264315e+00
  -8.8613548e-01
  -3.2346435e+00
  -5.2012663e-01
   1.9858779e+00
   9.6054040e-01
  -7.8364284e-01
  -2.9148710e-01
   8.9189835e-01
   1.7186549e-01
  -1.4522615e+00
  -1.1633910e+00
   9.0081389e-01
   1.7900152e+00
   3.5866575e-01
  -1.1427990e+00
  -7.8192491e-01
   2.4390635e-01
   4.8715295e-02
  -6.8229994e-01
  -1.2554790e-01
   1.2997424e+00
   1.4960030e+00
   2.2225209e-02
  -1.3425329e+00
  -1.2727267e+00
  -4.4936114e-01
  -6.1456529e-03
   3.4936371e-01
   1.3470778e+00
   1.9129605e+00
   1.8018589e-01
  -2.9016140e+00
  -3.4613278e+00
   3.6263330e-01
   4.9725523e+00
   4.7363239e+00
  -1.1863322e+00
  -6.9877167e+00
  -6.2325112e+00
   9.2755383e-01
   7.7245306e+00
   7.7641000e+00
   1.0727429e+00
  -6.5063655e+00
  -8.6076293e+00
  -3.4099600e+00
   4.5459750e+00
   7.7482134e+00
   3.3172768e+00
  -3.1583162e+00
  -4.3335582e+00
  -6.1575157e-01
   1.5093821e+00
  -1.6718332e-01
  -1.1683476e+00
   8.9866032e-01
   2.1615265e+00
   4.9291872e-03
  -1.8053395e+00
  -7.6188264e-02
   1.5902901e+00
  -7.1342412e-01
  -3.5081469e+00
  -1.3027168e+00
   4.0341814e+00
   5.6825263e+00
   1.4554274e+00
  -4.1717143e+00
  -6.3178042e+00
  -4.0624423e+00
   7.3905136e-01
   5.5017600e+00
   7.1420714e+00
   3.4001498e+00
  -3.6278541e+00
  -7.4794593e+00
  -4.3118841e+00
   1.6828848e+00
   3.7099459e+00
   1.5196292e+00
   3.0108397e-01
   1.5946958e+00
   1.3154975e+00
  -2.2755556e+00
  -4.5504358e+00
  -1.5715564e+00
   3.3163988e+00
   4.1356939e+00
   6.1007520e-01
  -2.4525333e+00
  -2.3601804e+00
  -8.6766523e-01
   1.1892519e-01
   1.0693347e+00
   2.1965958e+00
   1.8396732e+00
  -4.8787357e-01
  -2.2631750e+00
  -1.6279057e+00
  -2.7338831e-01
  -1.1708014e-01
