   1.0795519e-01
   1.0238551e+00
   1.0696845e+00
   4.7391603e-02
  -1.3322903e+00
  -1.7350270e+00
  -2.1323901e-01
   2.5245767e+00
   3.6775114e+00
   7.1363482e-01
  -4.4045625e+00
  -5.6876752e+00
  -7.0198601e-01
   4.9293874e+00
   4.5552447e+00
  -3.5534649e-01
  -2.7353994e+00
  -2.5698656e-01
   1.9192080e+00
  -4.1668394e-01
  -3.9198340e+00
  -2.8256670e+00
   2.2265224e+00
   5.0019466e+00
   2.3536303e+00
  -2.0438464e+00
  -3.1544920e+00
  -8.0410209e-01
   1.0984131e+00
   2.4031427e-01
  -1.2498617e+00
  -3.0135143e-01
   2.2631480e+00
   2.6283314e+00
  -3.2495981e-01
  -3.0003971e+00
  -2.1686515e+00
   5.2166639e-01
   1.4791947e+00
   3.7463676e-01
  -4.2891491e-01
   1.2593189e-01
   1.0944780e+00
   1.4784708e+00
   7.3333836e-01
  -1.3872118e+00
  -3.7034617e+00
  -3.5043492e+00
   4.3563023e-01
   5.0953301e+00
   5.5422582e+00
   8.6322206e-01
  -4.0908231e+00
  -4.6629997e+00
  -2.0086181e+00
   2.0213467e-01
   1.9040548e+00
   4.3530918e+00
   4.5005815e+00
  -8.7368357e-01
  -6.9933189e+00
  -5.7533010e+00
   1.7726885e+00
   6.1715858e+00
   3.2157081e+00
  -1.6091967e+00
  -2.5712563e+00
  -5.3914379e-01
   7.4970907e-01
   1.2330619e-01
  -8.7424908e-01
  -6.9673420e-01
   4.9676007e-01
   1.2529574e+00
   6.9194018e-01
  -3.4316686e-01
  -5.8957589e-01
  -2.9409516e-01
  -5.1599174e-01
  -8.1146474e-01
   3.2805865e-01
   2.2838956e+00
   2.0542688e+00
  -1.1779274e+00
  -3.5633926e+00
  -1.6324396e+00
   1.8275994e+00
   1.4162175e+00
  -1.6864605e+00
  -5.4264631e-01
   5.2521870e+00
   6.0296537e+00
  -3.0196057e+00
  -1.1273474e+01
  -6.8834160e+00
   4.9098607e+00
   9.5232774e+00
   4.1367420e+00
  -1.5184288e+00
  -2.0224815e+00
  -1.5070422e+00
  -3.0886549e+00
  -3.5943860e+00
  -3.5825441e-01
   3.7163659e+00
   4.4780240e+00
   1.9859123e+00
  -8.0959092e-01
  -2.3182638e+00
  -2.7355753e+00
  -2.0339303e+00
  -1.7722548e-01
   1.6582526e+00
   2.1550735e+00
   1.4967790e+00
   6.6873213e-01
  -6.4528196e-02
  -1.0129453e+00
  -2.0446145e+00
  -2.3578467e+00
  -1.0841707e+00
   1.6304860e+00
   3.8432988e+00
   3.0933340e+00
  -5.8152948e-01
  -3.8205832e+00
  -3.4299855e+00
  -1.2611573e-01
   2.4734909e+00
   2.2154799e+00
   4.3278084e-01
  -4.8752986e-01
  -3.0353338e-01
  -5.8722364e-01
  -1.5734948e+00
  -1.3138194e+00
   9.3244310e-01
   2.5916883e+00
   1.3573523e+00
  -1.0013160e+00
  -1.3853620e+00
  -2.1915158e-01
  -3.9539965e-02
  -7.0594151e-01
  -7.3979566e-02
   1.4502382e+00
   1.2355477e+00
  -8.8047538e-01
  -1.9839314e+00
  -5.0095554e-01
   1.6754825e+00
   1.9816936e+00
   2.0244780e-01
  -1.7143205e+00
  -1.8699396e+00
  -2.7880314e-01
   1.2183465e+00
   1.0693498e+00
  -1.2648170e-01
  -4.5323789e-01
   6.1682665e-01
   1.2224287e+00
  -3.1993899e-01
  -2.5506681e+00
  -2.2840765e+00
   8.3149556e-01
   3.3281266e+00
   2.3744482e+00
  -6.4936112e-01
  -2.2414280e+00
  -1.2293291e+00
   2.1694747e-01
  -5.0827830e-02
  -9.7062202e-01
   4.6471978e-02
   2.5702954e+00
   2.9734953e+00
  -2.6226531e-01
  -3.8029241e+00
  -3.7271569e+00
  -3.9592271e-01
   2.7438325e+00
   3.5180234e+00
   2.2319618e+00
  -1.1866613e-01
  -2.4980166e+00
  -3.3793940e+00
  -1.9183314e+00
   5.3643381e-01
   1.8016627e+00
   1.5898639e+00
   1.3572171e+00
   1.5239446e+00
   7.2116560e-01
  -1.5251490e+00
  -3.2446396e+00
  -2.6138369e+00
  -5.0402896e-01
   1.3157957e+00
   2.7431646e+00
   3.7056601e+00
   2.0838985e+00
  -2.7342297e+00
  -5.9056680e+00
  -2.5226006e+00
   3.7417640e+00
   4.5715787e+00
  -3.3347205e-01
  -3.0328189e+00
  -5.4623279e-01
   1.3380939e+00
  -5.8711385e-01
  -1.6227094e+00
   1.3021708e+00
   3.5008878e+00
   7.0817456e-01
  -3.3798241e+00
  -3.1197487e+00
   2.7491210e-01
   1.5965672e+00
   3.8777306e-01
   7.3128365e-01
   3.0257721e+00
   2.3288477e+00
  -3.0061498e+00
  -6.6738219e+00
  -2.9636367e+00
   4.1047964e+00
   6.0597636e+00
   1.7843160e+00
  -2.2609845e+00
  -2.2259759e+00
  -8.4563874e-01
  -9.8976252e-01
  -1.0855332e+00
   8.9168137e-01
   3.0334061e+00
   2.2173433e+00
  -1.0657140e+00
  -3.3905915e+00
  -2.6246136e+00
   4.6891695e-01
   3.5129914e+00
   3.8854585e+00
   5.2893498e-01
  -4.0064686e+00
  -5.1016728e+00
  -1.2923207e+00
   3.6193008e+00
   4.9766375e+00
   2.1427793e+00
  -1.9781169e+00
  -4.2380342e+00
  -3.0626771e+00
   7.4664523e-01
   3.7828285e+00
   2.8045108e+00
  -9.9518434e-01
  -2.8120186e+00
  -6.8834112e-01
   1.6679755e+00
   6.2927777e-01
  -1.8140348e+00
  -1.4866468e+00
   1.3924909e+00
   2.8325213e+00
   1.0010473e+00
  -1.7647362e+00
  -2.4990478e+00
  -9.0656956e-01
   1.0115250e+00
   1.4802231e+00
   6.3705111e-01
  -1.4936641e-01
  -9.3286821e-02
   3.2498901e-01
   1.1012251e-01
  -1.0922102e+00
  -2.1551225e+00
  -1.1817757e+00
   1.8340632e+00
   3.8272679e+00
   2.1106707e+00
  -1.6374104e+00
  -3.3275473e+00
  -1.9224596e+00
  -5.0028468e-02
   6.0314598e-01
   1.1569829e+00
   2.2354565e+00
   2.0447549e+00
  -5.8079779e-01
  -3.3760677e+00
  -3.0357283e+00
   3.9157719e-01
   3.3156482e+00
   2.8317994e+00
  -2.1363613e-01
  -2.7123245e+00
  -2.6560300e+00
  -4.2361708e-01
   2.1338898e+00
   2.9514126e+00
   1.0619782e+00
  -2.0837376e+00
  -3.2151736e+00
  -7.0572663e-01
   2.7350602e+00
   2.8261503e+00
  -5.2507169e-01
  -2.9323194e+00
  -1.8120636e+00
   5.4112075e-01
   1.4555206e+00
   1.4313598e+00
   1.4296259e+00
   5.1904271e-01
  -1.6396736e+00
  -2.9507230e+00
  -1.6292437e+00
   1.0086362e+00
   2.2476806e+00
   1.4773852e+00
   3.7189737e-01
   2.5653234e-02
  -2.3701038e-01
  -1.0082937e+00
  -1.5888076e+00
  -1.2427805e+00
  -2.1997484e-01
   9.4453446e-01
   1.9323569e+00
   2.1823684e+00
   1.0567134e+00
  -1.1175555e+00
  -2.7717610e+00
  -2.3580696e+00
  -1.4916802e-01
   1.5101788e+00
   8.7873483e-01
  -3.3195730e-01
   8.9257664e-01
   3.3822215e+00
   2.2194203e+00
  -3.2932032e+00
  -6.5534481e+00
  -2.5784297e+00
   3.9263642e+00
   4.8741284e+00
   3.4452258e-01
  -2.4128907e+00
  -1.6923170e-01
   2.4322487e+00
   8.4569599e-01
  -2.7197634e+00
  -3.0670722e+00
   2.3429239e-01
   2.1328448e+00
  -4.1612991e-01
  -3.0557248e+00
   2.0798170e-01
   6.6675645e+00
   6.5953399e+00
  -2.2737097e+00
  -9.3020110e+00
  -5.7091315e+00
   2.4990760e+00
   4.4180514e+00
   4.7454568e-01
  -9.3357225e-01
   1.8708015e+00
   2.8480913e+00
  -2.4506392e-01
  -2.6887848e+00
  -1.4657512e+00
   3.1572148e-01
  -3.9289536e-01
  -1.5116916e+00
  -9.7491387e-03
   2.5529478e+00
   2.3944837e+00
  -3.6714924e-01
  -1.8269467e+00
  -5.0582552e-01
   3.4668816e-01
  -1.4837808e+00
  -2.5368277e+00
   1.0749597e+00
   5.7828904e+00
   4.0363052e+00
  -3.7878172e+00
  -7.7725701e+00
  -2.0745161e+00
   5.9094990e+00
   5.5034510e+00
  -2.1783705e+00
  -6.0672751e+00
  -1.0948448e+00
   5.0402015e+00
   3.8530406e+00
  -1.6866380e+00
  -3.1167322e+00
  -2.8056119e-02
   9.0682779e-01
  -1.8300296e+00
  -2.6547532e+00
   8.5918926e-01
   4.1627409e+00
   3.3241577e+00
  -1.1033909e-01
  -2.8571474e+00
  -3.5293745e+00
  -2.0112458e+00
   1.0092950e+00
   3.4130545e+00
   3.0646032e+00
   3.0301998e-01
  -2.3406282e+00
  -2.9550770e+00
  -1.7142543e+00
   2.8307148e-01
   2.2183764e+00
   3.2423279e+00
   2.2666577e+00
  -8.3908984e-01
  -4.1021610e+00
  -4.4997496e+00
  -9.7330657e-01
   3.7940690e+00
   5.5627122e+00
   2.6452240e+00
  -2.6254963e+00
  -5.8709770e+00
  -3.8539670e+00
   2.2924050e+00
   6.5085665e+00
   3.6076997e+00
  -3.5573831e+00
  -6.5376685e+00
  -1.9500516e+00
   4.3511888e+00
   5.2027236e+00
   6.3103450e-01
  -3.5386329e+00
  -3.2794009e+00
  -2.4960120e-01
   1.6265407e+00
   1.3359690e+00
   7.4826438e-01
   6.6813190e-01
  -1.7100738e-02
  -1.3998741e+00
  -1.8948900e+00
  -8.9034598e-01
   5.1623238e-01
   1.5222005e+00
   2.0509931e+00
   1.5299049e+00
  -3.6749630e-01
  -2.2096996e+00
  -2.3194975e+00
  -1.1776453e+00
  -1.6168514e-01
   1.0270807e+00
   2.9352036e+00
   3.4883104e+00
   3.9393201e-01
  -3.8758431e+00
  -4.0787109e+00
   4.7539197e-02
   2.8461593e+00
   1.1070177e+00
  -1.5245095e+00
  -8.4618886e-01
   1.6969502e+00
   2.1828977e+00
   1.9824437e-01
  -1.5427526e+00
  -1.4907548e+00
  -5.6189164e-01
  -1.5958347e-01
  -4.2224582e-01
  -1.7935426e-01
   1.3636353e+00
   2.7725707e+00
   1.5951520e+00
  -1.8633521e+00
  -3.8736390e+00
  -1.8619117e+00
   1.9220732e+00
   3.2048986e+00
   1.0780451e+00
  -1.4766065e+00
  -1.8108794e+00
  -3.3989309e-01
   7.9399527e-01
   3.6947978e-01
  -6.9049087e-01
  -4.5973398e-01
   1.3213573e+00
   2.3739899e+00
   7.5389995e-01
  -2.2753595e+00
  -3.6493285e+00
  -1.9958153e+00
   1.3754648e+00
   3.9460345e+00
   3.6353591e+00
   2.8581866e-01
  -3.5854259e+00
  -4.4939173e+00
  -1.3489765e+00
   3.0655096e+00
   4.4674436e+00
   1.4328492e+00
  -2.7313897e+00
  -3.4948880e+00
  -5.1132900e-01
   2.1773816e+00
   1.6322963e+00
  -5.6074360e-01
  -1.2905426e+00
  -1.8354934e-01
   6.9963395e-01
   2.2813389e-01
  -3.8406099e-01
   3.3464818e-01
   1.5995084e+00
   1.1047481e+00
  -1.6220750e+00
  -3.8659867e+00
  -2.6140032e+00
   1.7188713e+00
   5.1746355e+00
   4.0801543e+00
  -8.9887317e-01
  -4.8810275e+00
  -3.8209438e+00
   6.8957869e-01
   3.2094129e+00
   1.4106307e+00
  -1.0864567e+00
  -4.8351986e-01
   1.3497915e+00
   4.0232018e-01
  -2.2297843e+00
  -1.9046400e+00
   1.4710148e+00
   2.8738081e+00
   3.1127742e-01
  -2.2269763e+00
  -1.4843362e+00
   5.0703788e-01
   8.3920573e-01
   4.8130012e-01
   1.3636304e+00
   1.6861192e+00
  -1.3044621e+00
  -5.0125910e+00
  -3.5075073e+00
   3.1140047e+00
   6.9633874e+00
   2.9846122e+00
  -3.5404290e+00
  -4.6054789e+00
  -6.5778188e-01
   1.5810646e+00
  -1.0908273e-01
  -1.3510440e+00
   7.5590983e-01
   3.2839813e+00
   2.2863931e+00
  -1.6752109e+00
  -4.2440858e+00
  -2.3299789e+00
   2.1604737e+00
   4.1882533e+00
   1.5646119e+00
  -2.4545720e+00
  -3.6597144e+00
  -1.7387312e+00
   1.1095701e+00
   3.5276352e+00
   4.2216918e+00
   1.1504481e+00
  -4.4198650e+00
  -6.3469854e+00
  -1.3052317e+00
   4.9452652e+00
   4.7098590e+00
  -8.2687845e-01
  -3.8545841e+00
  -1.2271757e+00
   2.3740895e+00
   2.3286666e+00
  -1.7219598e-01
  -1.6712379e+00
  -1.4802618e+00
  -7.2801997e-01
   3.7714945e-01
   1.4712349e+00
   7.6541781e-01
  -1.8704424e+00
  -2.4381903e+00
   2.2056452e+00
   7.2682335e+00
   3.8943967e+00
  -7.1692758e+00
  -1.2581033e+01
  -3.6052736e+00
   9.7853419e+00
   1.1526442e+01
   1.5806621e+00
  -5.9909408e+00
  -4.3642059e+00
  -7.0641627e-01
  -1.3528549e+00
  -2.4294048e+00
   1.0053790e+00
   5.6028207e+00
   5.0222339e+00
  -4.3861314e-01
  -4.5998155e+00
  -3.8476623e+00
  -7.9022856e-01
   5.9064975e-01
   3.1376251e-01
   1.2080079e+00
   3.7351464e+00
   4.2314810e+00
  -4.2458067e-01
  -6.9385424e+00
  -7.5299154e+00
  -2.6890223e-03
   7.5656880e+00
   6.5890747e+00
  -6.3195202e-01
  -4.7687931e+00
  -2.2937149e+00
   1.5252202e+00
   1.3921044e+00
  -1.5627016e+00
  -2.7214892e+00
  -1.9376962e-01
   3.2525944e+00
   3.6658350e+00
   4.3487365e-01
  -3.1165682e+00
  -3.4366880e+00
  -4.3884096e-01
   2.5659052e+00
   2.4055365e+00
  -4.9657311e-01
  -2.5347079e+00
  -1.1939700e+00
   1.7153227e+00
   2.3177596e+00
  -6.1373130e-02
  -2.0041287e+00
  -1.1265907e+00
   6.6011640e-01
   8.3847206e-01
   1.8475376e-01
   3.6868756e-01
   5.3847141e-01
  -7.0073703e-01
  -2.0196512e+00
  -1.0003637e+00
   1.8094865e+00
   2.8915100e+00
   3.8214021e-01
  -2.8693221e+00
  -2.5856188e+00
   1.1480997e+00
   3.6412781e+00
   1.6494725e+00
  -2.3905254e+00
  -3.5953227e+00
  -8.8681758e-01
   2.0885323e+00
   2.2382176e+00
   6.1248138e-01
  -4.1419613e-01
  -6.1750487e-01
  -6.1052498e-01
  -1.0584496e-01
   3.8499413e-01
  -6.1251067e-01
  -2.0978108e+00
  -7.5968046e-01
   3.2828230e+00
   4.7970990e+00
   4.8116004e-01
  -5.3083307e+00
  -5.5523729e+00
   1.7022610e-01
   5.1889240e+00
   4.4098304e+00
  -9.3113909e-02
  -3.1330153e+00
  -2.8670052e+00
  -1.1960898e+00
   1.8363272e-01
   1.5221587e+00
   2.9662679e+00
   2.8225915e+00
  -3.5154235e-01
  -4.3263623e+00
  -4.5264652e+00
  -6.8305305e-02
   4.1313825e+00
   3.6361034e+00
   3.2050683e-01
  -1.3827726e+00
  -1.3599404e+00
  -2.1721406e+00
  -2.7258764e+00
   2.3936872e-01
   4.9427414e+00
   5.2482915e+00
  -3.0957710e-01
  -5.6111104e+00
  -5.0499626e+00
  -2.5602420e-01
   3.4309469e+00
   3.6229883e+00
   1.6206854e+00
  -7.3663190e-01
  -2.3223800e+00
  -2.3296658e+00
  -7.6620555e-01
   1.1397035e+00
   2.0032153e+00
   1.3589676e+00
  -3.0954883e-01
  -1.7069528e+00
  -1.3381873e+00
   6.7219397e-01
   1.9671099e+00
   7.0039551e-01
  -1.7566382e+00
  -2.4447178e+00
  -5.5756079e-01
   1.9499163e+00
   2.9019149e+00
   1.6674925e+00
  -8.7308571e-01
  -2.7632989e+00
  -2.2697357e+00
  -5.0321579e-02
   1.1386776e+00
   2.2290052e-01
  -3.5011065e-01
   1.4709956e+00
   3.3176123e+00
   1.4416086e+00
  -3.0544851e+00
  -4.8682047e+00
  -1.8487397e+00
   2.1431844e+00
   3.1325324e+00
   1.8947680e+00
   6.8540213e-01
  -8.0470921e-01
  -2.8807978e+00
  -2.9647595e+00
   4.9934450e-01
   3.9582666e+00
   2.9292672e+00
  -1.3097325e+00
  -3.3291589e+00
  -1.2078980e+00
   1.3908283e+00
   1.1708946e+00
  -4.9504468e-01
  -6.4699976e-01
   7.5588899e-01
   1.3720377e+00
  -1.8596674e-02
  -1.9864747e+00
  -1.9591464e+00
   8.1776421e-01
   3.5369243e+00
   2.3971916e+00
  -2.1772872e+00
  -5.0081320e+00
  -2.4821844e+00
   2.7336875e+00
   5.1261127e+00
   2.6896287e+00
  -1.6865091e+00
  -3.8694523e+00
  -2.4622771e+00
   3.5807631e-01
   1.6754571e+00
   1.0663607e+00
   2.0857680e-01
   8.7501880e-02
   1.9265422e-01
   5.3180344e-02
