   5.2761526e-02
   1.0657517e+00
   1.5222069e+00
   1.0293376e+00
  -1.8565446e-01
  -1.0555287e+00
  -8.4588938e-01
  -2.6228349e-01
  -3.3139713e-01
  -6.4031293e-01
  -3.8299077e-02
   1.3501883e+00
   2.1028247e+00
   1.1363203e+00
  -1.2004340e+00
  -2.9260303e+00
  -1.7631770e+00
   1.5905050e+00
   2.8410308e+00
  -2.0058943e-01
  -3.2015953e+00
  -1.1479838e+00
   3.3721650e+00
   3.6639343e+00
  -6.8715230e-01
  -3.6180373e+00
  -2.2180379e+00
   1.9582175e-01
   8.0182017e-01
   7.7164486e-01
   1.2551186e+00
   1.1754594e+00
   1.1658026e-01
  -6.1494805e-01
  -6.2096229e-01
  -9.3783283e-01
  -1.4762782e+00
  -7.7632951e-01
   1.1600705e+00
   2.2808480e+00
   1.3917283e+00
  -3.6395608e-01
  -1.4500089e+00
  -1.5104571e+00
  -6.3728199e-01
   9.2018491e-01
   1.8518059e+00
   7.7322355e-01
  -1.2862992e+00
  -1.7270392e+00
  -2.7695523e-01
   7.0329955e-01
   3.8038866e-01
   5.4957958e-01
   1.6314678e+00
   1.2424602e+00
  -1.5512206e+00
  -3.7038400e+00
  -2.1503265e+00
   1.6848664e+00
   3.5936468e+00
   1.9516097e+00
  -6.8419662e-01
  -1.3965137e+00
  -4.4241666e-01
  -2.5743212e-02
  -8.5098181e-01
  -1.4332602e+00
  -5.3564949e-01
   1.0932808e+00
   1.8512969e+00
   1.2876960e+00
   2.9974639e-01
  -2.8116510e-01
  -5.8483216e-01
  -1.0683576e+00
  -1.5215620e+00
  -1.2474010e+00
  -5.9480124e-02
   1.4493049e+00
   2.4640861e+00
   2.2511494e+00
   4.0658238e-01
  -2.2678544e+00
  -3.6140027e+00
  -2.1423303e+00
   9.2638254e-01
   2.8873872e+00
   2.6411124e+00
   1.1671011e+00
  -6.4230478e-01
  -2.4930560e+00
  -3.1625314e+00
  -1.1705872e+00
   2.3097321e+00
   3.7106356e+00
   1.4968339e+00
  -1.6625640e+00
  -2.5290155e+00
  -1.2499392e+00
   5.4876017e-02
   8.6007331e-01
   1.8242021e+00
   2.0349305e+00
  -4.8859133e-02
  -3.0224864e+00
  -3.2247736e+00
   1.1822818e-01
   3.2509338e+00
   2.7708188e+00
  -1.5392533e-01
  -2.0475754e+00
  -1.6332734e+00
  -2.3299526e-01
   8.0565698e-01
   1.0980743e+00
   5.5515548e-01
  -5.0125669e-01
  -1.0146327e+00
  -3.6010720e-01
   5.3129485e-01
   4.5179797e-01
  -1.2799177e-01
   3.8578990e-02
   5.3847771e-01
  -1.4956935e-03
  -1.0036634e+00
  -5.9851233e-01
   8.0599908e-01
   8.9827374e-01
  -4.4488605e-01
  -8.7745499e-01
   3.0451461e-01
   1.0887860e+00
   2.8620270e-01
  -8.0807245e-01
  -9.2846409e-01
  -4.8294414e-01
  -3.6780410e-02
   6.1736639e-01
   1.2385932e+00
   9.5702908e-01
  -1.3444855e-01
  -9.0693355e-01
  -9.7260146e-01
  -8.9429200e-01
  -6.2377572e-01
   4.7816224e-01
   1.9201407e+00
   2.0187703e+00
   7.5548782e-02
  -2.2939582e+00
  -2.6293871e+00
  -4.0629502e-01
   2.0841150e+00
   2.2531786e+00
   3.2237648e-01
  -1.2131402e+00
  -1.0337315e+00
  -2.4151709e-01
  -3.2398481e-02
  -8.4360880e-02
   1.7110008e-01
   4.6697149e-01
   5.6537596e-01
   6.7686610e-01
   4.9741466e-01
  -6.5959785e-01
  -2.1616461e+00
  -2.0048033e+00
   4.3573229e-01
   2.7880907e+00
   2.4383081e+00
   1.3290914e-01
  -1.2703122e+00
  -1.0962879e+00
  -1.0673331e+00
  -1.4194869e+00
  -3.8681168e-01
   1.8633707e+00
   2.5048575e+00
   4.9420948e-01
  -1.5657383e+00
  -1.4113327e+00
  -9.7877089e-02
   4.3329984e-01
   2.7131674e-01
   3.9954250e-01
   5.2424006e-01
  -1.6761140e-01
  -1.1263421e+00
  -1.0002347e+00
   2.6366413e-01
   1.2416756e+00
   9.8462614e-01
   8.5411629e-02
  -4.0286055e-01
  -3.1238217e-01
  -2.8279738e-01
  -7.0488422e-01
  -1.0113917e+00
  -2.2301633e-01
   1.5150728e+00
   2.3402527e+00
   6.7224476e-01
  -2.1446475e+00
  -2.7298312e+00
  -4.3111927e-02
   2.6769054e+00
   1.9538496e+00
  -1.1838592e+00
  -2.6300541e+00
  -7.5973255e-01
   1.6785191e+00
   1.5620387e+00
  -4.5241489e-01
  -1.1703523e+00
   3.7597457e-01
   1.5852930e+00
   4.2459519e-01
  -1.4996888e+00
  -1.7382480e+00
  -6.1645191e-01
   1.5328665e-01
   5.0377406e-01
   1.3050611e+00
   2.0980760e+00
   1.6196590e+00
  -2.6927821e-01
  -2.4453812e+00
  -3.5577669e+00
  -2.6094914e+00
   4.3723649e-01
   3.8886355e+00
   4.9389486e+00
   2.1395556e+00
  -2.5879839e+00
  -5.1679899e+00
  -3.3877906e+00
   7.0307429e-01
   3.3643943e+00
   3.3279987e+00
   1.7326812e+00
  -7.1711610e-01
  -3.4282432e+00
  -3.9665997e+00
  -7.0726930e-01
   3.1987348e+00
   3.2423776e+00
   4.2662294e-01
  -5.2104218e-01
   7.0959958e-01
  -1.3681456e-01
  -3.4996855e+00
  -4.1499899e+00
   3.0979013e-01
   4.9784817e+00
   4.6093242e+00
   4.4164923e-01
  -2.8449711e+00
  -3.3197199e+00
  -2.0860833e+00
  -1.9064240e-01
   1.8035444e+00
   2.6727130e+00
   1.5811887e+00
  -2.6110632e-01
  -1.0434843e+00
  -9.7069945e-01
  -1.3073381e+00
  -1.5193726e+00
  -1.5032907e-01
   1.9340982e+00
   2.3153406e+00
   8.4830785e-01
  -3.9613069e-01
  -8.0225929e-01
  -1.5397989e+00
  -2.2906744e+00
  -1.1037728e+00
   1.9035848e+00
   3.6636343e+00
   2.0767441e+00
  -1.1909528e+00
  -2.9165203e+00
  -2.0010448e+00
   5.3701603e-02
   1.3788059e+00
   1.3161689e+00
   2.7656983e-01
  -8.2088365e-01
  -9.6532703e-01
   1.8530562e-01
   1.5966294e+00
   1.5044730e+00
  -5.2001871e-01
  -2.4546625e+00
  -1.9509992e+00
   4.3643504e-01
   1.8553862e+00
   1.1991385e+00
   2.2020910e-01
   1.0526832e-01
  -2.1583326e-01
  -1.3231155e+00
  -1.7015136e+00
  -2.7701964e-01
   1.6928567e+00
   2.3995163e+00
   1.4019130e+00
  -6.9314901e-01
  -2.7129184e+00
  -3.0312940e+00
  -9.7756261e-01
   1.9306569e+00
   3.4181437e+00
   2.5735086e+00
   4.1350076e-03
  -2.6531396e+00
  -3.1748964e+00
  -8.4342068e-01
   1.8903260e+00
   2.0792778e+00
   1.5080155e-01
  -1.1769759e+00
  -8.8653994e-01
  -6.3474027e-02
   6.3911711e-01
   1.2610067e+00
   1.0706645e+00
  -5.1110765e-01
  -2.0293616e+00
  -1.5025335e+00
   4.6030667e-01
   1.3049259e+00
   2.7691608e-01
  -5.5120979e-01
   5.0166855e-01
   2.0980468e+00
   1.5446563e+00
  -1.5700020e+00
  -4.3140658e+00
  -3.2581234e+00
   1.4251031e+00
   5.1799763e+00
   3.8622913e+00
  -9.7501151e-01
  -4.0093036e+00
  -2.9453737e+00
  -9.5940435e-02
   2.1103411e+00
   3.0185457e+00
   1.8166865e+00
  -1.6258377e+00
  -4.2736322e+00
  -2.7438827e+00
   1.5017068e+00
   3.7886144e+00
   2.6148803e+00
   4.5734542e-01
  -1.0135054e+00
  -2.2222597e+00
  -2.7562443e+00
  -1.3878361e+00
   1.0552882e+00
   2.2607032e+00
   1.7478508e+00
   9.8556801e-01
   5.6991546e-01
  -3.8154431e-01
  -2.0256293e+00
  -2.8395412e+00
  -1.4900826e+00
   1.2744020e+00
   3.1836758e+00
   2.5363452e+00
  -2.3131393e-01
  -2.5771354e+00
  -2.1195802e+00
   3.7754494e-01
   1.6379104e+00
   3.8479034e-01
  -9.5853607e-01
  -2.7843084e-01
   1.1664995e+00
   1.2215357e+00
  -9.5396197e-02
  -1.4539226e+00
  -2.0106255e+00
  -1.2429541e+00
   9.5854216e-01
   3.0191020e+00
   2.5334205e+00
  -4.0638892e-01
  -2.6150517e+00
  -1.9310712e+00
  -3.8067480e-02
   5.4162514e-01
   2.1222310e-01
   6.6945020e-01
   1.3483649e+00
   4.8770690e-01
  -1.3563783e+00
  -1.7724932e+00
  -1.2595889e-01
   1.5832789e+00
   1.5456304e+00
   1.3444250e-01
  -1.1531660e+00
  -1.4529603e+00
  -7.6958452e-01
   5.0470787e-01
   1.5123314e+00
   1.1355768e+00
  -6.2562999e-01
  -1.8749627e+00
  -7.3656393e-01
   1.7956772e+00
   2.3890937e+00
  -2.7253213e-01
  -3.0109760e+00
  -1.9850687e+00
   1.7261139e+00
   3.0946462e+00
   9.1858723e-02
  -3.2244812e+00
  -2.2220088e+00
   2.0035955e+00
   4.2449218e+00
   1.8123526e+00
  -2.7014042e+00
  -4.7309954e+00
  -2.3235868e+00
   2.1961712e+00
   4.4353908e+00
   2.3681007e+00
  -1.3948370e+00
  -2.8062692e+00
  -1.3544606e+00
   1.7761014e-01
   4.1182203e-01
   7.0941091e-01
   1.5919013e+00
   1.3326458e+00
  -8.0021882e-01
  -2.7514625e+00
  -2.3584572e+00
   6.1074245e-02
   2.4693893e+00
   3.0752808e+00
   1.3975022e+00
  -1.3030576e+00
  -2.6372102e+00
  -1.4907022e+00
   3.4621587e-01
   5.7377063e-01
  -1.9671039e-01
   1.7051882e-01
   1.3595425e+00
   1.2440209e+00
  -1.7502544e-01
  -9.4549743e-01
  -7.0826310e-01
  -7.1846246e-01
  -8.7449753e-01
   8.4264080e-02
   1.7099142e+00
   1.9599920e+00
   2.1351839e-01
  -1.8469563e+00
  -2.3822006e+00
  -1.0224091e+00
   1.3606885e+00
   3.1214319e+00
   2.4311545e+00
  -8.5520680e-01
  -3.8672720e+00
  -3.2073649e+00
   6.3978707e-01
   3.3175175e+00
   2.0245829e+00
  -9.2430372e-01
  -1.4686924e+00
   7.3693032e-01
   2.1887247e+00
   3.5674443e-01
  -3.0678470e+00
  -4.1687514e+00
  -1.2660734e+00
   3.1677806e+00
   5.0103393e+00
   2.7095353e+00
  -1.2533965e+00
  -3.2625676e+00
  -2.4066952e+00
  -7.2448648e-01
  -3.6808853e-02
   2.1968790e-01
   1.4330969e+00
   2.8397085e+00
   1.8335168e+00
  -1.7878521e+00
  -3.9436020e+00
  -1.4253147e+00
   2.6613404e+00
   2.6266268e+00
  -1.3336127e+00
  -3.0940587e+00
   2.2713461e-01
   3.7943104e+00
   2.3833376e+00
  -1.8566455e+00
  -3.2505696e+00
  -1.2297662e+00
   2.2093731e-01
  -9.7073510e-02
   4.4803505e-01
   2.5568245e+00
   3.2937333e+00
   7.4438439e-01
  -3.0342962e+00
  -4.5449034e+00
  -2.5323173e+00
   1.2749174e+00
   3.9767135e+00
   3.6774063e+00
   7.2000209e-01
  -2.4802298e+00
  -3.3011362e+00
  -1.5187432e+00
   4.5097987e-01
   9.2394077e-01
   1.2046157e+00
   2.4579733e+00
   2.4024168e+00
  -1.1295318e+00
  -5.0058387e+00
  -4.0350646e+00
   1.2764998e+00
   4.9776314e+00
   3.5782884e+00
  -4.2372847e-01
  -2.9100517e+00
  -2.5759220e+00
  -7.5734017e-01
   7.5450915e-01
   1.1648633e+00
   8.6256016e-01
   5.4251133e-01
   3.9888856e-01
   2.6875123e-01
  -7.4267492e-02
  -8.9300537e-01
  -1.8941039e+00
  -1.7978060e+00
   1.9717745e-01
   2.6093634e+00
   2.8867955e+00
   6.1651167e-01
  -1.8626457e+00
  -2.3470010e+00
  -9.5676070e-01
   8.7850230e-01
   1.9636902e+00
   1.3162147e+00
  -1.1600054e+00
  -3.0706780e+00
  -1.4492306e+00
   2.4905067e+00
   3.8723387e+00
   8.8318708e-01
  -2.6601227e+00
  -2.9944777e+00
  -9.3477289e-01
   8.7278890e-01
   1.7121869e+00
   1.9867638e+00
   1.3313425e+00
  -5.2696685e-01
  -2.3907846e+00
  -2.5380830e+00
  -7.2511950e-01
   1.4164539e+00
   2.0694485e+00
   1.1169774e+00
  -2.9732537e-02
  -4.2997540e-01
  -5.1240653e-01
  -7.0916717e-01
  -5.7012306e-01
   5.9107259e-02
   4.2590982e-01
   2.5761919e-01
   2.5991652e-01
   4.8484961e-01
  -3.5019704e-02
  -1.1541070e+00
  -1.1279863e+00
   5.3443117e-01
   1.7569665e+00
   9.2500543e-01
  -6.4677059e-01
  -8.8615453e-01
   1.4377082e-02
   3.0606048e-01
  -6.7453222e-01
  -1.6541088e+00
  -8.4145483e-01
   1.7958899e+00
   3.6410705e+00
   1.9677824e+00
  -2.2542141e+00
  -4.6221618e+00
  -2.3389782e+00
   2.0924129e+00
   3.6725876e+00
   1.1808266e+00
  -1.3355489e+00
  -5.1732729e-01
   1.1816230e+00
  -3.9008299e-01
  -3.5526739e+00
  -2.7159027e+00
   2.2936614e+00
   5.0740169e+00
   2.2320372e+00
  -1.9528397e+00
  -2.7634622e+00
  -1.3839637e+00
  -8.8642733e-01
  -5.9127811e-01
   1.4357126e+00
   3.4565603e+00
   2.2634161e+00
  -1.3079161e+00
  -3.3000355e+00
  -2.2270209e+00
  -1.7043305e-01
   1.0201986e+00
   1.4867965e+00
   1.6515941e+00
   1.1924724e+00
  -5.3402077e-02
  -1.4688314e+00
  -2.1912568e+00
  -1.7220495e+00
  -9.6142720e-02
   1.8995351e+00
   2.8060824e+00
   1.7112734e+00
  -6.1338312e-01
  -2.4845195e+00
  -2.7958641e+00
  -1.3139898e+00
   1.2950463e+00
   3.1539360e+00
   2.5038753e+00
   4.5936307e-02
  -1.7028590e+00
  -1.7688177e+00
  -1.3797572e+00
  -1.1060073e+00
  -3.0386130e-02
   1.7459474e+00
   2.4676139e+00
   1.3112425e+00
  -4.7661046e-01
  -1.4147186e+00
  -1.2454810e+00
  -6.2228999e-01
  -3.4833027e-01
  -5.1698217e-01
  -7.9737602e-02
   1.6629756e+00
   3.1012764e+00
   1.6689718e+00
  -2.2486266e+00
  -4.6356921e+00
  -2.5035559e+00
   1.9645919e+00
   3.8743839e+00
   1.8247317e+00
  -7.5061754e-01
  -9.8446974e-01
  -4.2870840e-01
  -1.4306091e+00
  -2.3663656e+00
  -2.2134516e-01
   3.5759957e+00
   4.2435423e+00
   4.4242569e-01
  -3.7350786e+00
  -4.1444132e+00
  -1.2301311e+00
   1.5545471e+00
   2.1803584e+00
   1.6081753e+00
   1.3429301e+00
   9.1290614e-01
  -8.4732515e-01
  -2.8192241e+00
  -2.4819620e+00
   5.5613815e-02
   1.7840438e+00
   1.2038544e+00
   9.7243759e-02
   9.8342435e-02
   4.0310994e-01
  -1.1246863e-02
  -4.1895707e-01
  -4.8639562e-03
   3.0669140e-01
  -6.7086885e-01
  -1.9039851e+00
  -9.9093676e-01
   2.0235259e+00
   3.4897449e+00
   7.8887633e-01
  -3.1202962e+00
  -3.0373357e+00
   9.0124832e-01
   3.0465416e+00
   5.4747138e-01
  -2.4735599e+00
  -1.3822381e+00
   1.9925694e+00
   2.4008800e+00
  -8.5251189e-01
  -2.9883505e+00
  -8.5522133e-01
   2.5459765e+00
   2.4698403e+00
  -9.4531871e-01
  -3.2112071e+00
  -1.6462216e+00
   1.7088300e+00
   3.1855794e+00
   1.4676347e+00
  -1.6049769e+00
  -2.9678292e+00
  -1.1992747e+00
   1.8104774e+00
   2.5432096e+00
  -3.5575717e-02
  -2.7348765e+00
  -1.8578687e+00
   1.7416878e+00
   3.3928606e+00
   8.1030504e-01
  -2.7077830e+00
  -2.6995080e+00
   4.9918855e-01
   2.4230224e+00
   7.7703333e-01
  -1.5005436e+00
  -8.8223133e-01
   1.3363968e+00
   1.2947640e+00
  -1.1355322e+00
  -2.2180978e+00
  -3.1042819e-01
   1.8888629e+00
   1.7146722e+00
  -6.1334045e-02
  -1.2498170e+00
  -1.1433046e+00
  -2.4549665e-01
   9.3705309e-01
   1.5809371e+00
   5.4388979e-01
  -1.7881737e+00
  -2.7403796e+00
  -4.5630845e-01
   2.7699116e+00
   2.8316391e+00
  -3.4959974e-01
  -2.3494199e+00
  -6.7116276e-01
   1.5872508e+00
   6.6332767e-01
  -2.0788042e+00
  -2.3896421e+00
   4.8090819e-01
   2.9661606e+00
   2.3593492e+00
  -1.1620984e-01
  -1.8181411e+00
  -1.8467570e+00
  -8.5858383e-01
   3.7634718e-01
   1.1950159e+00
   1.0569886e+00
   1.7966794e-01
  -4.9071030e-01
  -3.6154301e-01
   1.1250701e-01
   8.5796685e-02
  -4.5696967e-01
  -6.0937240e-01
   6.2698296e-02
