   2.8961238e-02
  -8.8590951e-01
  -4.0842219e-01
   1.6321496e+00
   3.5439192e-03
  -2.3345094e+00
   1.1582411e+00
   2.2039345e+00
  -2.2930351e+00
  -1.2137357e+00
   2.6580866e+00
  -9.5474155e-03
  -2.2142305e+00
   9.3844559e-01
   1.4276288e+00
  -1.5479236e+00
  -6.5407247e-01
   2.0182030e+00
  -1.6188413e-02
  -2.4141394e+00
   5.3052555e-01
   2.7709364e+00
  -9.1208421e-01
  -3.1384519e+00
   1.4563165e+00
   3.2686507e+00
  -2.4383965e+00
  -2.5093796e+00
   3.4662464e+00
   4.5059634e-01
  -3.4523499e+00
   2.2633546e+00
   1.5695726e+00
  -4.0604530e+00
   1.7512167e+00
   3.5995501e+00
  -4.8834997e+00
  -8.7979821e-01
   6.1181142e+00
  -2.7057536e+00
  -4.8542118e+00
   5.3712068e+00
   1.9081200e+00
  -6.1043474e+00
   1.2072980e+00
   5.0766159e+00
  -3.2940396e+00
  -3.1825130e+00
   3.9546159e+00
   1.3244953e+00
  -3.4128900e+00
  -3.6442850e-02
   2.0919759e+00
  -4.2814874e-01
  -4.4314196e-01
  -8.6999104e-02
  -8.9907684e-01
   1.4453890e+00
   1.1807033e+00
  -2.8599130e+00
  -1.7032026e-01
   3.1959988e+00
  -1.3287432e+00
  -2.0047707e+00
   2.0518562e+00
   8.6159517e-02
  -1.5328845e+00
   1.3321671e+00
   5.0008365e-01
  -1.9024471e+00
   1.6884889e-01
   2.2471127e+00
  -5.1532345e-01
  -2.7672920e+00
   1.1167469e+00
   2.9449037e+00
  -1.8977104e+00
  -2.1623994e+00
   1.9479772e+00
   8.2963358e-01
  -6.9303070e-01
  -1.6709833e-01
  -1.1397285e+00
   8.3617269e-01
   2.0671650e+00
  -2.0929331e+00
  -1.3338458e+00
   2.4672549e+00
  -3.1190735e-01
  -1.2142748e+00
   1.3482258e+00
  -9.7770784e-01
  -9.0988424e-01
   2.6797660e+00
  -5.3043429e-01
  -3.0346692e+00
   1.8071307e+00
   2.3476883e+00
  -2.2178798e+00
  -1.4812416e+00
   1.9718873e+00
   8.8321462e-01
  -1.6485823e+00
  -3.0358715e-01
   1.4378098e+00
  -6.8405640e-01
  -9.4472631e-01
   2.0176273e+00
  -3.5742143e-01
  -2.9285904e+00
   2.4211404e+00
   2.3842398e+00
  -4.1984649e+00
  -6.7254062e-02
   4.0677636e+00
  -2.8021680e+00
  -1.2112303e+00
   3.8941097e+00
  -3.1194370e+00
  -1.6492019e+00
   6.0489652e+00
  -3.0130764e+00
  -5.3726123e+00
   7.1899754e+00
   1.5369370e+00
  -8.4961974e+00
   2.8956957e+00
   6.9585864e+00
  -5.6768768e+00
  -4.3967275e+00
   6.4683129e+00
   2.3918898e+00
  -6.2526416e+00
  -1.2383593e+00
   5.8761567e+00
   5.1053953e-01
  -5.4882736e+00
   5.9680335e-02
   4.9753293e+00
  -4.5208351e-01
  -4.3541333e+00
   6.5777387e-01
   3.6784791e+00
  -7.1485164e-01
  -2.9414125e+00
   5.5775450e-01
   2.2612545e+00
  -1.6385866e-01
  -1.9055852e+00
  -1.7126743e-01
   1.8793633e+00
   8.2482274e-02
  -1.7111640e+00
   2.4313535e-01
   1.0321925e+00
  -1.2068575e-01
  -2.4889281e-01
  -6.5612463e-01
   1.3699692e-01
   1.2404084e+00
  -6.4130675e-01
  -6.6244570e-01
   5.5833878e-01
  -6.8998474e-01
   1.0899669e+00
   1.0970446e+00
  -3.4920195e+00
   5.7732035e-01
   4.4786526e+00
  -3.2833952e+00
  -2.8135676e+00
   4.6493613e+00
  -3.2816643e-01
  -3.4580888e+00
   2.5310497e+00
   8.4807745e-01
  -2.5820258e+00
   1.0413888e+00
   1.4231084e+00
  -1.2710868e+00
  -7.9683454e-01
   7.5926345e-01
   1.3171062e+00
  -9.7955114e-01
  -1.9842413e+00
   2.2847533e+00
   1.4119772e+00
  -3.5282359e+00
   6.0476810e-01
   3.2374652e+00
  -2.7038940e+00
  -1.1764414e+00
   3.1280598e+00
  -1.1980394e+00
  -1.4088795e+00
   1.9198505e+00
  -1.0343211e+00
  -3.3141747e-01
   2.0663550e+00
  -2.2071131e+00
  -7.6686226e-01
   3.4946242e+00
  -1.7409420e+00
  -2.4571794e+00
   3.4101793e+00
  -3.3777360e-02
  -3.1595181e+00
   2.2304958e+00
   1.5445118e+00
  -3.1406571e+00
   2.3974736e-01
   2.9408943e+00
  -1.5083860e+00
  -2.1631089e+00
   2.1109873e+00
   1.1319078e+00
  -1.9179934e+00
  -2.7635414e-01
   9.6856169e-01
   2.8335466e-01
  -4.8306547e-02
  -1.2926162e+00
   3.4274667e-01
   2.1783704e+00
  -2.0027213e+00
  -1.4233489e+00
   3.4320358e+00
  -1.0040669e+00
  -2.6673454e+00
   3.0874883e+00
  -4.3589183e-01
  -2.4750001e+00
   3.6824548e+00
  -1.2460963e+00
  -4.3048453e+00
   5.9696380e+00
   1.3041048e+00
  -8.6341065e+00
   3.6766450e+00
   7.5451529e+00
  -7.5832788e+00
  -3.6335748e+00
   8.2841508e+00
  -3.3446380e-01
  -6.1581656e+00
   2.0216646e+00
   3.5949329e+00
  -1.3715249e+00
  -2.7914606e+00
   3.6305962e-01
   3.8470049e+00
  -9.1853700e-01
  -4.9349354e+00
   3.0564217e+00
   4.2556211e+00
  -5.0444369e+00
  -1.7483760e+00
   5.1838274e+00
  -1.0250511e+00
  -3.3130242e+00
   2.4538810e+00
   6.5642249e-01
  -2.1419355e+00
   1.4689097e+00
   7.1527606e-01
  -2.4855658e+00
   1.1094179e+00
   2.2917622e+00
  -2.8203948e+00
  -8.5716796e-01
   3.7504136e+00
  -1.4708900e+00
  -3.1924574e+00
   3.6242342e+00
   1.2048638e+00
  -4.4602292e+00
   1.1438162e+00
   3.8227247e+00
  -2.7385314e+00
  -2.5256421e+00
   3.3535466e+00
   1.2988567e+00
  -3.3467604e+00
  -2.5408951e-01
   2.8600968e+00
  -6.0244934e-01
  -1.8462378e+00
   1.0049350e+00
   5.9427754e-01
  -9.0921566e-01
   4.8251342e-01
   7.8535765e-01
  -1.6027311e+00
  -8.2274034e-01
   3.4011168e+00
   1.9191571e-01
  -5.6004830e+00
   2.0459732e+00
   6.6018614e+00
  -5.2841597e+00
  -5.1232081e+00
   7.4803038e+00
   1.9075699e+00
  -7.2697070e+00
   9.2677268e-01
   5.3950612e+00
  -2.1485324e+00
  -3.6284833e+00
   2.3875578e+00
   2.7194375e+00
  -2.7915764e+00
  -2.0002454e+00
   3.4117760e+00
   8.3851251e-01
  -3.4452451e+00
   3.0231935e-01
   2.7124442e+00
  -6.2502799e-01
  -2.0933061e+00
   3.1559002e-01
   2.2822453e+00
  -3.8716571e-01
  -2.7111006e+00
   1.2044729e+00
   2.2793658e+00
  -1.8116083e+00
  -9.5735436e-01
   1.1251412e+00
   3.8862777e-02
   5.4135956e-01
  -6.0021882e-01
  -1.6854621e+00
   2.1317377e+00
   1.3794757e+00
  -3.1411087e+00
  -3.5322585e-01
   2.9920704e+00
  -2.8992127e-02
  -2.5884887e+00
  -4.2000132e-01
   2.9805814e+00
   5.4763255e-01
  -3.7790884e+00
   3.9471556e-01
   3.6209738e+00
  -1.5204870e+00
  -2.1504850e+00
   1.4174917e+00
   7.6831226e-01
  -2.0235125e-01
  -9.3103388e-01
  -3.4046007e-01
   2.1434010e+00
  -1.0497057e+00
  -2.3813741e+00
   3.3488920e+00
   5.6693770e-01
  -4.2818966e+00
   2.0000766e+00
   2.9788491e+00
  -3.0809061e+00
  -1.0139852e+00
   2.0627306e+00
   5.9122245e-01
  -5.6141262e-01
  -2.1116764e+00
   4.4286316e-01
   3.9876932e+00
  -1.7764875e+00
  -4.6977440e+00
   3.1391816e+00
   4.3927857e+00
  -3.5998152e+00
  -4.2078730e+00
   3.7135915e+00
   4.5055765e+00
  -4.4379122e+00
  -4.4718015e+00
   5.6914778e+00
   3.4126248e+00
  -6.5416957e+00
  -1.7657368e+00
   6.5837821e+00
   4.1793520e-01
  -6.4447212e+00
   5.7395884e-01
   6.7270403e+00
  -1.9729327e+00
  -6.9621131e+00
   4.0863035e+00
   6.0733578e+00
  -6.0015392e+00
  -3.7781712e+00
   6.3949561e+00
   1.1560435e+00
  -4.9527722e+00
   3.2280109e-01
   2.7451639e+00
  -1.7575802e-01
  -1.2059586e+00
  -7.8979008e-01
   9.1150180e-01
   1.3786181e+00
  -1.3613638e+00
  -9.9342969e-01
   1.6780618e+00
  -1.7162199e-01
  -1.2671833e+00
   1.4861493e+00
   2.1790674e-03
  -2.2137613e+00
   1.7393387e+00
   1.8463691e+00
  -3.1592596e+00
  -5.0225248e-01
   3.5477471e+00
  -1.1069014e+00
  -2.8393799e+00
   2.2727862e+00
   1.5280854e+00
  -2.7419872e+00
  -1.4964760e-01
   2.6004775e+00
  -9.5967087e-01
  -2.0242872e+00
   1.5810752e+00
   1.2860209e+00
  -1.6606956e+00
  -7.8252755e-01
   1.5381112e+00
   7.3907023e-01
  -1.8653753e+00
  -8.0821832e-01
   2.9462670e+00
   2.5659624e-01
  -4.1507649e+00
   1.1166261e+00
   4.3898889e+00
  -2.4008151e+00
  -3.4001913e+00
   2.3771731e+00
   2.2388331e+00
  -9.4819404e-01
  -2.1706229e+00
  -6.5568551e-01
   3.2946366e+00
   1.2075051e+00
  -4.6609468e+00
  -5.6147312e-01
   5.4941718e+00
  -7.9085815e-01
  -5.6433394e+00
   2.5698329e+00
   4.8898367e+00
  -4.4082893e+00
  -2.8172234e+00
   5.1495406e+00
  -3.7935652e-02
  -3.6703399e+00
   1.7101511e+00
   7.4397338e-01
  -6.4264731e-01
   9.6963877e-01
  -2.0752198e+00
   3.0182460e-01
   3.3848244e+00
  -3.1338614e+00
  -1.6226848e+00
   4.2845541e+00
  -1.4873521e+00
  -2.3292195e+00
   2.7889369e+00
  -8.6173687e-01
  -1.1700213e+00
   2.4028828e+00
  -1.5649215e+00
  -1.4049391e+00
   2.9791809e+00
  -6.4981475e-01
  -2.3561728e+00
   1.8783271e+00
   7.5823811e-01
  -1.6474356e+00
   4.3819119e-01
   5.4876610e-01
  -6.1187278e-01
   4.7361803e-01
  -4.0065284e-03
  -8.0009387e-01
   6.8781402e-01
   4.5092963e-01
  -7.6702294e-01
  -3.3113042e-02
   1.6829814e-01
   1.7786675e-01
   5.3000705e-01
  -8.7285611e-01
  -7.6855784e-01
   1.5115311e+00
   6.4221691e-01
  -1.6612774e+00
  -6.4616517e-01
   1.4980581e+00
   9.4043408e-01
  -1.3490048e+00
  -1.2401803e+00
   1.1503616e+00
   1.4016877e+00
  -6.5801044e-01
  -1.7079643e+00
  -1.8390604e-02
   2.4515404e+00
   4.1593522e-01
  -3.5288888e+00
  -1.5661612e-01
   4.5625649e+00
  -8.4487845e-01
  -5.1573578e+00
   2.4376916e+00
   4.9536260e+00
  -4.1766019e+00
  -3.7744953e+00
   5.3187161e+00
   1.9632435e+00
  -5.2747677e+00
  -3.9432443e-01
   4.2254648e+00
  -1.4514881e-01
  -3.1641271e+00
  -2.6446645e-01
   3.1025492e+00
   5.4745464e-01
  -4.0263665e+00
   4.5592675e-01
   4.6758212e+00
  -2.7090836e+00
  -3.6737855e+00
   4.7497313e+00
   1.0160825e+00
  -5.0503894e+00
   1.7864649e+00
   3.5767853e+00
  -3.1932346e+00
  -1.7382031e+00
   3.0280158e+00
   8.8445133e-01
  -2.2864239e+00
  -1.1977850e+00
   1.9504264e+00
   1.9544374e+00
  -2.2694639e+00
  -2.3590002e+00
   2.8389340e+00
   2.0786266e+00
  -3.0122761e+00
  -1.4351306e+00
   2.5020550e+00
   1.1367785e+00
  -1.8636353e+00
  -1.3828658e+00
   2.0209048e+00
   1.2732351e+00
  -2.9470543e+00
   2.5847568e-01
   3.2620845e+00
  -2.8162261e+00
  -1.7685184e+00
   4.5782451e+00
  -8.7961701e-01
  -4.3501287e+00
   2.7840364e+00
   2.9925098e+00
  -3.0545575e+00
  -2.2435931e+00
   2.7229175e+00
   2.5031389e+00
  -3.1510033e+00
  -2.5067429e+00
   4.1429934e+00
   1.1905276e+00
  -4.2464250e+00
   8.2299111e-01
   2.7029359e+00
  -1.9894359e+00
  -4.2258949e-01
   1.6994030e+00
  -1.1559106e+00
  -8.1739811e-01
   1.6962020e+00
   3.7056044e-01
  -2.0070722e+00
  -2.4089934e-01
   2.5927486e+00
  -4.0131214e-01
  -2.7520889e+00
   1.5697242e+00
   1.4965882e+00
  -1.9581471e+00
   8.6781998e-01
   2.5137709e-01
  -2.5296471e+00
   3.2313701e+00
   1.7315487e+00
  -6.4541375e+00
   1.4995307e+00
   7.3320634e+00
  -5.2439975e+00
  -5.5305674e+00
   7.3791888e+00
   2.5993122e+00
  -7.4009320e+00
  -2.7127256e-01
   6.4324888e+00
  -1.1764402e+00
  -5.4709640e+00
   2.5470912e+00
   4.1783821e+00
  -3.9803126e+00
  -1.8258932e+00
   4.3848958e+00
  -1.0225748e+00
  -2.9175327e+00
   2.5469104e+00
   5.1253457e-01
  -1.5473927e+00
   6.0674247e-01
  -1.0777475e+00
   1.0168354e+00
   2.9420963e+00
  -4.6373257e+00
  -2.1874582e+00
   7.8173490e+00
  -9.9973359e-01
  -8.2921127e+00
   4.4849922e+00
   5.7208611e+00
  -5.7486088e+00
  -2.1009823e+00
   3.9451524e+00
   2.9123104e-01
  -8.3370382e-01
  -1.4904297e+00
  -6.7115905e-01
   3.9916065e+00
  -6.6432951e-01
  -4.8238555e+00
   3.0964750e+00
   2.8469033e+00
  -3.7731634e+00
   7.2149781e-02
   1.8259936e+00
  -1.1980114e+00
   8.2076934e-01
  -1.0264286e-01
  -1.7700833e+00
   2.0051522e+00
   6.8796086e-01
  -2.5900225e+00
   8.6445202e-01
   1.7774434e+00
  -1.5851651e+00
  -7.3094785e-01
   1.6163753e+00
   1.0503205e-01
  -1.6494276e+00
   4.1671540e-01
   1.6809363e+00
  -1.0722758e+00
  -1.1979268e+00
   1.2843204e+00
   3.1216502e-01
  -3.6907054e-01
  -6.0690649e-02
  -1.3051125e+00
   1.3072204e+00
   2.3514169e+00
  -3.5964469e+00
  -1.6586872e+00
   5.3681767e+00
  -5.1981329e-01
  -5.2912142e+00
   2.7514956e+00
   3.3838694e+00
  -3.5838715e+00
  -1.0098293e+00
   2.6892199e+00
  -1.6814490e-01
  -1.1330970e+00
  -5.3202749e-01
   5.2164112e-01
   2.3074888e+00
  -1.6977173e+00
  -3.5553623e+00
   4.0896669e+00
   3.1253254e+00
  -6.1977556e+00
  -1.1051849e+00
   6.7152171e+00
  -1.3721099e+00
  -5.3748597e+00
   3.0117311e+00
   2.9617883e+00
  -3.1817039e+00
  -6.5659811e-01
   2.1262137e+00
  -6.7018475e-01
  -6.3883178e-01
   7.9115199e-01
  -4.1523865e-01
  -9.7270683e-02
   4.9374059e-01
  -6.3145816e-01
   3.6646678e-01
   5.9554027e-01
  -1.4773741e+00
   5.2667078e-01
   1.7737073e+00
  -2.1436698e+00
  -5.7201750e-01
   2.9034321e+00
  -1.5951860e+00
  -1.7538243e+00
   3.0506499e+00
  -8.3390431e-01
  -2.3576080e+00
   2.9091384e+00
  -1.2319935e-01
  -2.7484818e+00
   2.3125315e+00
   6.3804559e-01
  -2.4108667e+00
   1.3525740e+00
   7.5679639e-01
  -1.5680246e+00
   6.5231596e-01
   4.4695098e-01
  -4.4837087e-01
   2.6376659e-01
  -7.6754762e-01
   3.7280328e-01
   1.4759835e+00
  -1.6876444e+00
  -1.0598097e+00
   2.5815235e+00
   1.2276656e-01
  -2.7742946e+00
   6.1890624e-01
   2.6151164e+00
  -1.0232668e+00
  -2.2593651e+00
   1.0636805e+00
   1.6899562e+00
  -4.3279117e-01
  -1.3598207e+00
  -8.6647818e-01
   2.0392878e+00
   1.9265189e+00
  -3.7391233e+00
  -1.6267048e+00
   5.3148567e+00
  -1.0648112e-01
  -5.5385844e+00
   2.2304780e+00
   4.2094965e+00
  -3.6876517e+00
  -1.9516754e+00
   4.0474748e+00
  -5.4930294e-01
  -3.2040468e+00
   2.6471612e+00
   1.2390477e+00
  -3.5523742e+00
   1.1374939e+00
   2.8255100e+00
  -2.6296574e+00
  -1.1014604e+00
   2.4072199e+00
  -2.1682927e-01
  -9.5940322e-01
   2.0984770e-01
  -4.0976050e-01
   8.4125861e-01
   7.6859572e-01
  -1.9460587e+00
  -7.9871385e-02
   2.2271577e+00
  -1.0392279e+00
  -1.3291925e+00
   1.6797018e+00
  -3.8830238e-01
  -1.1211319e+00
   1.9000000e+00
  -5.0621944e-01
  -2.2592148e+00
   2.1772905e+00
   1.5332672e+00
  -3.0122002e+00
  -6.1601282e-01
   3.1741875e+00
  -1.3988630e-02
