   1.1742329e-02
   2.6802568e+00
  -2.5177020e+00
  -1.0080086e+00
   3.7665817e+00
  -1.2664001e+00
  -3.4529335e+00
   2.9018806e+00
   2.3038160e+00
  -3.4729834e+00
  -1.2237074e+00
   3.3910170e+00
   4.9988156e-01
  -3.1334431e+00
   1.0399646e-01
   2.6933342e+00
  -6.6801376e-01
  -1.8500452e+00
   8.3526646e-01
   7.7129077e-01
  -2.7552576e-01
  -1.0473180e-01
  -7.3188535e-01
   3.8504207e-01
   1.3341558e+00
  -1.3853373e+00
  -8.2668027e-01
   2.1670132e+00
  -6.2696624e-01
  -1.9009555e+00
   2.0883690e+00
   6.4900556e-01
  -2.7446771e+00
   7.8516040e-01
   2.6223598e+00
  -1.7620081e+00
  -2.2966917e+00
   2.3348030e+00
   2.0802743e+00
  -2.8498871e+00
  -1.7834838e+00
   3.3674152e+00
   1.1714624e+00
  -3.6783022e+00
  -3.0974984e-01
   3.6526066e+00
  -5.8131208e-01
  -3.3392717e+00
   1.3896198e+00
   2.8061556e+00
  -2.1478135e+00
  -2.0125826e+00
   2.8723062e+00
   8.4624182e-01
  -3.3997347e+00
   7.1752117e-01
   3.3853927e+00
  -2.4581209e+00
  -2.4864967e+00
   3.8655484e+00
   6.5094857e-01
  -4.2863090e+00
   1.6338101e+00
   3.3199233e+00
  -3.4079890e+00
  -1.2954758e+00
   3.8140091e+00
  -6.7781524e-01
  -2.8590536e+00
   1.4325648e+00
   1.5826241e+00
  -7.6835920e-01
  -1.2018691e+00
  -3.1280853e-01
   1.9579134e+00
   5.9417400e-01
  -2.9462460e+00
   1.7549777e-01
   3.1422828e+00
  -1.2300985e+00
  -2.3955190e+00
   1.7604539e+00
   1.3290662e+00
  -1.6385557e+00
  -5.3470964e-01
   1.2168953e+00
   1.2640899e-01
  -7.7987898e-01
   7.0169854e-02
   3.4958729e-01
  -1.9913245e-01
   1.8803730e-01
   2.4350472e-01
  -9.3073816e-01
  -9.6137228e-03
   1.8022483e+00
  -7.5987572e-01
  -2.4215418e+00
   2.0714747e+00
   2.2610691e+00
  -3.4243399e+00
  -1.1277036e+00
   4.0158481e+00
  -4.9038811e-01
  -3.3576882e+00
   1.6360633e+00
   1.7571518e+00
  -1.5521486e+00
  -1.9485734e-01
   3.0251218e-01
  -3.6922719e-01
   1.1770729e+00
  -2.4847089e-01
  -1.7456697e+00
   1.2579675e+00
   9.8614492e-01
  -1.4912720e+00
   3.7584885e-01
   3.9855620e-01
  -1.0185865e+00
   1.3945054e+00
   1.7159359e-01
  -2.6043620e+00
   1.7262218e+00
   2.4469031e+00
  -3.5732487e+00
  -1.1544442e+00
   4.6484241e+00
  -6.2513005e-01
  -4.8621282e+00
   2.5330395e+00
   4.1722707e+00
  -4.3377377e+00
  -2.3411268e+00
   5.3917876e+00
  -4.4783050e-01
  -4.8607210e+00
   3.1085907e+00
   2.7176350e+00
  -4.3493675e+00
  -1.1783641e-01
   3.9131157e+00
  -1.6177274e+00
  -2.7462276e+00
   2.2424045e+00
   1.8225943e+00
  -2.5140657e+00
  -1.1248225e+00
   3.0244089e+00
  -4.3550505e-02
  -3.4314518e+00
   1.9746449e+00
   2.8925843e+00
  -3.9986762e+00
  -1.0810588e+00
   4.9680028e+00
  -1.2687030e+00
  -4.2813370e+00
   2.8069468e+00
   2.5316308e+00
  -2.7027245e+00
  -1.0874308e+00
   1.4238021e+00
   8.5086202e-01
  -2.3468280e-01
  -1.4755465e+00
  -1.3055353e-01
   1.9860122e+00
   5.8179806e-02
  -2.0253370e+00
  -2.3677975e-01
   2.1409241e+00
   5.9835150e-01
  -2.8415284e+00
  -4.1666875e-01
   3.7839589e+00
  -6.8862236e-01
  -4.1360601e+00
   2.2326579e+00
   3.5061877e+00
  -3.3808955e+00
  -2.2325971e+00
   3.6834263e+00
   9.1053336e-01
  -3.2244071e+00
   3.7749806e-02
   2.3690056e+00
  -4.0087339e-01
  -1.6121564e+00
   2.1653160e-01
   1.4690074e+00
   4.1859459e-02
  -2.0958621e+00
   3.9708942e-01
   2.8959776e+00
  -1.9059027e+00
  -2.7742300e+00
   3.8363509e+00
   1.0985989e+00
  -4.8048898e+00
   1.5069695e+00
   3.8406898e+00
  -3.4502459e+00
  -1.3760603e+00
   3.4763395e+00
  -9.7360001e-01
  -1.8380164e+00
   1.8275806e+00
   7.1026019e-02
  -1.3167759e+00
   5.5277777e-01
   8.0302134e-01
  -2.7420761e-01
  -1.2797739e+00
   3.9452813e-01
   2.2491492e+00
  -1.6542366e+00
  -2.3373791e+00
   3.2987017e+00
   9.1148701e-01
  -3.8505896e+00
   1.1257485e+00
   2.6845458e+00
  -2.1736857e+00
  -7.1185227e-01
   1.4416565e+00
  -4.3582472e-01
   3.4646431e-01
  -1.5574650e-01
  -1.5933464e+00
   1.9131695e+00
   1.2132655e+00
  -3.3145521e+00
   4.2960828e-01
   3.2945156e+00
  -1.9492509e+00
  -2.2014206e+00
   2.3978418e+00
   1.2610093e+00
  -2.1797866e+00
  -1.1001533e+00
   2.3243807e+00
   1.1127953e+00
  -3.0599731e+00
  -4.3727205e-01
   3.5569517e+00
  -8.1737106e-01
  -3.0863898e+00
   1.7086471e+00
   1.9631804e+00
  -1.6393477e+00
  -1.1205572e+00
   9.8203890e-01
   1.0510741e+00
  -5.2611502e-01
  -1.4454475e+00
   6.4522073e-01
   1.7210139e+00
  -1.1391084e+00
  -1.5963256e+00
   1.6501834e+00
   1.1250147e+00
  -1.9755034e+00
  -4.4002501e-01
   2.0092445e+00
  -3.1149929e-01
  -1.6436574e+00
   8.4406143e-01
   9.2991030e-01
  -8.1929951e-01
  -2.6436463e-01
   2.5529411e-01
   1.2164555e-01
   2.8892806e-01
  -4.6085369e-01
  -2.4947120e-01
   6.2756410e-01
  -2.1558392e-01
  -8.3661654e-02
   3.0962909e-01
  -8.7930546e-01
   5.1062742e-01
   1.3639961e+00
  -1.8931199e+00
  -7.7941765e-01
   2.9117328e+00
  -5.8435308e-01
  -2.9260607e+00
   1.8559162e+00
   2.0774665e+00
  -2.3397959e+00
  -1.0663569e+00
   2.0055055e+00
   5.5847449e-01
  -1.4136120e+00
  -6.9549503e-01
   1.2236442e+00
   9.9923448e-01
  -1.6034614e+00
  -8.0207557e-01
   2.0220035e+00
  -6.8611585e-02
  -1.7360665e+00
   1.0531668e+00
   5.3177143e-01
  -1.3672668e+00
   1.0682565e+00
   6.8369058e-01
  -2.2538334e+00
   6.4692313e-01
   2.5093135e+00
  -1.8649256e+00
  -1.9277666e+00
   2.3165474e+00
   1.1238903e+00
  -1.9485323e+00
  -7.2530670e-01
   1.3502589e+00
   7.9386014e-01
  -1.1457228e+00
  -8.2599429e-01
   1.3406709e+00
   4.0962277e-01
  -1.4344071e+00
   2.8778101e-01
   1.1093070e+00
  -8.1665381e-01
  -5.2009675e-01
   9.7967678e-01
  -7.9900796e-02
  -7.9007635e-01
   5.7782297e-01
   1.5281305e-01
  -7.1248178e-01
   8.9386303e-01
   2.9682116e-02
  -1.6705204e+00
   1.3914417e+00
   1.2628179e+00
  -2.4561119e+00
   2.2891465e-01
   2.0166291e+00
  -1.3833365e+00
  -3.9017166e-01
   1.0037260e+00
  -7.7941781e-01
   3.2324644e-01
   5.1238352e-01
  -9.3951947e-01
   2.4138545e-01
   3.4481342e-01
   9.6231769e-02
   6.5909685e-02
  -1.5221377e+00
   1.1828680e+00
   2.2998218e+00
  -3.6660126e+00
  -1.0576799e+00
   5.4360528e+00
  -1.5873046e+00
  -5.1405720e+00
   3.7617775e+00
   3.2492009e+00
  -4.2529032e+00
  -1.2314510e+00
   3.3259268e+00
   4.4068780e-02
  -1.9065013e+00
   3.0724804e-01
   5.3742413e-01
  -6.8801647e-02
   6.4439549e-01
  -7.7750762e-01
  -1.3190640e+00
   2.1242602e+00
   9.8077758e-01
  -3.2482964e+00
   3.1921749e-01
   3.2553850e+00
  -1.6178552e+00
  -2.0967096e+00
   1.8466555e+00
   7.7771889e-01
  -9.4964453e-01
  -3.1854680e-01
  -1.0846481e-01
   7.1197350e-01
   4.5493421e-01
  -1.1176895e+00
  -1.5898427e-01
   8.8919061e-01
  -4.9671998e-02
  -1.7459387e-01
  -3.6505548e-01
  -3.6672591e-01
   1.2739209e+00
   2.2192603e-01
  -2.0696058e+00
   5.5881948e-01
   2.2014267e+00
  -1.4426684e+00
  -1.6201417e+00
   1.8808576e+00
   7.8132857e-01
  -1.7410750e+00
  -2.3122280e-01
   1.3231798e+00
   2.2492245e-01
  -1.0777948e+00
  -6.3628716e-01
   1.3528288e+00
   1.0023556e+00
  -2.1476307e+00
  -7.3250994e-01
   2.9156742e+00
  -3.6387402e-01
  -2.8601685e+00
   1.7007827e+00
   1.7016974e+00
  -2.3383252e+00
  -5.1150957e-02
   1.8705548e+00
  -1.1373975e+00
  -7.6661208e-01
   1.4258949e+00
  -1.7842825e-01
  -1.1373468e+00
   6.1222997e-01
   8.0879750e-01
  -7.7817935e-01
  -5.3008487e-01
   9.4014872e-01
  -2.8627241e-02
  -8.3510860e-01
   9.0474486e-01
  -3.8474621e-02
  -1.4183667e+00
   1.5386714e+00
   8.2086570e-01
  -2.6204086e+00
   6.2817907e-01
   2.3276902e+00
  -1.6509788e+00
  -9.5692975e-01
   1.2807483e+00
  -1.8460746e-01
   8.5078284e-02
   2.2479992e-01
  -1.2747566e+00
   4.9564124e-01
   1.7049172e+00
  -1.1882861e+00
  -1.7021219e+00
   1.6230704e+00
   1.6541273e+00
  -1.9986449e+00
  -1.4815659e+00
   2.1911963e+00
   1.1557132e+00
  -1.7685391e+00
  -1.2570530e+00
   8.5855171e-01
   2.4639539e+00
  -5.1312239e-01
  -4.4594895e+00
   1.7377933e+00
   5.7878028e+00
  -4.2031374e+00
  -5.1490007e+00
   6.2876697e+00
   2.7606979e+00
  -6.5857767e+00
  -1.7548705e-01
   5.2214448e+00
  -1.2816483e+00
  -3.4828261e+00
   1.6455409e+00
   2.3053635e+00
  -1.7730834e+00
  -1.4928839e+00
   2.0447646e+00
   4.6106155e-01
  -2.0676551e+00
   7.7448378e-01
   1.5304220e+00
  -1.7481004e+00
  -7.2557030e-01
   2.3507334e+00
  -1.3182222e-02
  -2.8977165e+00
   9.1294929e-01
   3.3884324e+00
  -2.3345186e+00
  -3.2306900e+00
   3.9239232e+00
   2.0100923e+00
  -4.6740761e+00
  -3.0502578e-01
   3.9977875e+00
  -6.4891650e-01
  -2.5119217e+00
   2.1083381e-01
   1.4686772e+00
   9.8269543e-01
  -1.4220512e+00
  -1.8002985e+00
   1.7563177e+00
   1.9227848e+00
  -1.6328387e+00
  -2.0612258e+00
   1.0877189e+00
   2.9345409e+00
  -9.6885788e-01
  -4.3760787e+00
   2.0282950e+00
   5.4554045e+00
  -4.2790418e+00
  -5.1339639e+00
   6.9011738e+00
   2.8725006e+00
  -8.4437889e+00
   8.0442792e-01
   7.5442359e+00
  -4.1422935e+00
  -4.1660350e+00
   5.1435790e+00
   1.5484147e-01
  -3.3142657e+00
   2.0129720e+00
   3.7967701e-01
  -1.4181064e+00
   1.1291256e+00
  -4.2984761e-01
  -2.0991339e-01
   1.0799553e+00
  -1.7273791e+00
   4.7601257e-01
   2.3444373e+00
  -2.9352093e+00
  -6.6565949e-01
   4.0973516e+00
  -2.1266248e+00
  -2.9665122e+00
   3.9953035e+00
   4.3432972e-01
  -3.8898934e+00
   1.8228141e+00
   2.3141589e+00
  -2.7762882e+00
  -4.9685925e-01
   2.5041014e+00
  -6.3426376e-01
  -1.7710293e+00
   8.9311670e-01
   1.3977598e+00
  -7.8648663e-01
  -1.6881241e+00
   1.0875891e+00
   2.1312135e+00
  -2.0600473e+00
  -1.8579300e+00
   3.0016681e+00
   6.9865922e-01
  -2.9322465e+00
   4.1215006e-01
   1.8613691e+00
  -4.7142297e-01
  -9.4774851e-01
  -3.1009340e-01
   1.1500490e+00
   7.3524858e-01
  -2.0998928e+00
  -9.6238571e-02
   2.6578585e+00
  -1.0522544e+00
  -2.3083975e+00
   1.7002230e+00
   1.5916259e+00
  -1.5640690e+00
  -1.2530667e+00
   1.2097795e+00
   1.3692213e+00
  -1.2156903e+00
  -1.4537791e+00
   1.5431199e+00
   1.2109431e+00
  -1.7923849e+00
  -9.0834718e-01
   1.8795903e+00
   9.1631792e-01
  -2.2091148e+00
  -1.0437272e+00
   3.0751317e+00
   5.9964312e-01
  -4.0507174e+00
   8.1071388e-01
   4.2023450e+00
  -2.7109214e+00
  -2.9299245e+00
   4.0503186e+00
   5.1505577e-01
  -3.9650160e+00
   2.0416113e+00
   2.2955277e+00
  -3.5686573e+00
   3.0311168e-01
   3.3323376e+00
  -2.6042492e+00
  -1.5381402e+00
   3.4877642e+00
  -6.7682754e-01
  -2.7541546e+00
   2.0209903e+00
   1.2952321e+00
  -2.0444880e+00
  -2.9288901e-01
   1.3829582e+00
   1.7346793e-01
  -9.6009987e-01
  -4.2555950e-01
   1.0256556e+00
   4.3097161e-01
  -1.1345626e+00
  -2.0274200e-01
   9.4556803e-01
   1.4734163e-01
  -6.7507188e-01
  -3.8070536e-01
   7.0358915e-01
   5.9327605e-01
  -1.0478295e+00
  -4.9115446e-01
   1.4005220e+00
   9.3559398e-02
  -1.5140772e+00
   4.1681293e-01
   1.3294649e+00
  -8.8725157e-01
  -8.2712500e-01
   1.1328802e+00
   3.6353045e-02
  -9.0697279e-01
   7.7733070e-01
   1.4669573e-01
  -1.1820954e+00
   8.3073388e-01
   9.6185160e-01
  -1.5362369e+00
  -3.3426834e-01
   1.7206222e+00
  -2.6585257e-01
  -1.5367161e+00
   5.6644078e-01
   1.3296324e+00
  -6.1427860e-01
  -1.3187676e+00
   6.2261263e-01
   1.4681819e+00
  -7.2051962e-01
  -1.6036007e+00
   8.5882092e-01
   1.5988640e+00
  -9.1766176e-01
  -1.4397010e+00
   8.2683180e-01
   1.1764834e+00
  -5.6962083e-01
  -9.0038372e-01
   1.8063052e-01
   7.2527890e-01
   2.0626980e-01
  -6.7313635e-01
  -4.4452399e-01
   6.1261219e-01
   5.9715049e-01
  -4.8307081e-01
  -8.9020125e-01
   5.5534077e-01
   1.2566287e+00
  -1.1740583e+00
  -1.1011164e+00
   2.0858616e+00
  -1.1030896e-01
  -2.3047148e+00
   1.9620165e+00
   1.0169426e+00
  -3.1103304e+00
   1.3950553e+00
   2.4497611e+00
  -3.4881691e+00
  -1.9800890e-01
   3.9934247e+00
  -2.2871739e+00
  -2.8494164e+00
   3.7054386e+00
   1.0534874e+00
  -3.7760701e+00
   3.7672467e-01
   3.1077650e+00
  -1.2137571e+00
  -2.2581973e+00
   1.7888141e+00
   1.1149965e+00
  -2.0793676e+00
   5.9462519e-01
   1.4081780e+00
  -2.3513861e+00
   6.3800883e-01
   2.9608085e+00
  -3.2692065e+00
  -1.8527726e+00
   5.0156504e+00
  -1.5362038e-01
  -5.1832639e+00
   1.7079072e+00
   4.3572464e+00
  -2.2375574e+00
  -3.4748419e+00
   2.0860557e+00
   2.9196325e+00
  -1.7264254e+00
  -2.6498541e+00
   1.3936494e+00
   2.6270238e+00
  -1.3314321e+00
  -2.6974726e+00
   1.7666613e+00
   2.3930869e+00
  -2.4677296e+00
  -1.3402537e+00
   2.7140083e+00
  -1.5109099e-01
  -1.9752298e+00
   1.2016722e+00
   5.1995342e-01
  -1.1651068e+00
   7.9682032e-01
   2.1235031e-01
  -1.3160889e+00
   9.2773281e-01
   1.0524559e+00
  -1.6940250e+00
  -4.2391055e-01
   2.0159165e+00
  -2.9266055e-01
  -1.9629101e+00
   1.0201286e+00
   1.4097611e+00
  -1.4848205e+00
  -3.5469387e-01
   1.2087235e+00
  -6.2312083e-01
  -1.8584831e-01
   7.5222314e-01
  -7.3913242e-01
  -6.8823531e-02
   6.7034020e-01
  -4.0209251e-01
   1.8376272e-01
  -1.6566710e-01
  -6.5207344e-01
   1.3029240e+00
   5.3402904e-02
  -1.8134715e+00
   9.8910673e-01
   1.2597812e+00
  -1.4849354e+00
  -2.7592626e-01
   1.2915854e+00
  -5.3904727e-01
  -8.6357011e-01
   1.2659152e+00
   2.5043910e-01
  -1.9566724e+00
   8.3605958e-01
   2.0380248e+00
  -2.0484753e+00
  -1.0767770e+00
   2.3475684e+00
  -2.2373237e-01
  -1.2838067e+00
   5.2793435e-01
  -1.7021522e-01
   5.7373826e-01
   5.6642219e-01
  -2.0109878e+00
   4.2113136e-01
   2.4274860e+00
  -1.7415082e+00
  -1.5971970e+00
   2.2267371e+00
   4.2394894e-01
  -1.7282450e+00
   2.1091501e-01
   9.4147535e-01
  -2.4199614e-01
  -4.4722470e-01
   9.7055602e-02
   2.4777069e-01
   2.5494792e-02
