  -2.9872428e-02
   1.1897781e+00
  -1.2600841e+00
  -2.8328752e-01
   1.8570456e+00
  -8.8049773e-01
  -1.7075289e+00
   1.7126084e+00
   1.2949278e+00
  -2.2247850e+00
  -9.4455910e-01
   2.7671739e+00
   4.7720667e-01
  -3.3927148e+00
   3.7039726e-01
   3.7530215e+00
  -1.4161244e+00
  -3.6377845e+00
   2.1973158e+00
   3.3179042e+00
  -2.5822998e+00
  -3.1579151e+00
   2.9091376e+00
   3.0664926e+00
  -3.4418139e+00
  -2.5992099e+00
   3.9184001e+00
   1.5963916e+00
  -3.8249773e+00
  -4.9499735e-01
   3.0377565e+00
  -1.0121561e-01
  -2.0077792e+00
   4.0997289e-02
   1.2843790e+00
   3.0560038e-01
  -9.9526091e-01
  -5.1992326e-01
   8.6525949e-01
   5.2565126e-01
  -6.1845375e-01
  -5.2646505e-01
   2.2128233e-01
   7.3699291e-01
   1.8226414e-01
  -1.2568551e+00
  -3.6333836e-01
   2.0298624e+00
   4.8163316e-02
  -2.7323992e+00
   8.7053207e-01
   2.8168783e+00
  -2.0255630e+00
  -1.9413544e+00
   2.6445322e+00
   4.4149229e-01
  -2.1617352e+00
   7.6317289e-01
   8.3989931e-01
  -9.2766368e-01
   3.3804554e-01
   2.1357282e-01
  -5.7161505e-01
   4.5967080e-01
   2.8085247e-02
  -3.8757884e-01
   4.1074752e-01
  -2.0209026e-01
  -1.6095354e-01
   5.0891465e-01
  -4.8107151e-01
  -1.1430235e-01
   7.9388846e-01
  -6.1857359e-01
  -4.6330626e-01
   1.0439491e+00
  -1.7436905e-01
  -8.9921271e-01
   5.7210766e-01
   4.5005298e-01
  -4.7585607e-01
  -1.7016485e-01
   6.4818309e-02
   3.4347087e-01
   2.4290191e-01
  -8.5359534e-01
  -1.3582922e-01
   1.2878025e+00
  -3.2697260e-01
  -1.2986444e+00
   7.7306626e-01
   8.9716706e-01
  -8.5531332e-01
  -3.9145057e-01
   5.2240956e-01
   9.0395931e-02
   5.9180831e-03
  -9.3671073e-02
  -4.4812801e-01
   2.8488273e-01
   6.5191015e-01
  -4.5260432e-01
  -6.6578292e-01
   4.5632028e-01
   6.5399505e-01
  -3.2820008e-01
  -7.1272433e-01
   1.9410756e-01
   7.9931175e-01
  -1.1624149e-01
  -8.6502556e-01
   1.1096550e-01
   9.1479113e-01
  -2.6165415e-01
  -8.2515778e-01
   5.6782936e-01
   3.1706483e-01
  -6.5885778e-01
   6.1487190e-01
  -1.2156618e-02
  -1.3569121e+00
   1.4752966e+00
   1.1040509e+00
  -2.9245345e+00
   2.5840044e-01
   3.3486697e+00
  -1.8721668e+00
  -2.5137863e+00
   2.6535009e+00
   1.1992711e+00
  -2.2968089e+00
  -4.0379468e-01
   1.4388967e+00
   4.2396022e-01
  -8.7598792e-01
  -8.0559859e-01
   8.2100817e-01
   1.0413399e+00
  -9.8015773e-01
  -1.0661144e+00
   1.1260406e+00
   1.0561071e+00
  -1.3554986e+00
  -9.6751297e-01
   1.7622449e+00
   5.1940874e-01
  -2.0679326e+00
   3.2971393e-01
   1.8503713e+00
  -1.1419711e+00
  -1.1217413e+00
   1.4548864e+00
   3.8525163e-01
  -1.3254037e+00
  -3.5016567e-02
   1.1844733e+00
  -5.4820633e-02
  -1.2542570e+00
   2.4465017e-01
   1.3417799e+00
  -6.5102920e-01
  -1.1482418e+00
   1.0668903e+00
   5.7939881e-01
  -1.1842024e+00
   2.0638193e-01
   7.9616540e-01
  -8.8208183e-01
   6.9999698e-02
   1.1129988e+00
  -1.1089613e+00
  -7.8908855e-01
   1.9086709e+00
   1.2236202e-01
  -2.2537191e+00
   5.5217941e-01
   2.2305364e+00
  -1.0631927e+00
  -2.0118702e+00
   1.4340729e+00
   1.6311526e+00
  -1.6670834e+00
  -1.0556691e+00
   1.6336593e+00
   4.0362136e-01
  -1.2437505e+00
   6.0710445e-02
   6.3160063e-01
  -1.6675708e-01
  -7.3906637e-02
  -1.7250776e-02
  -2.4349630e-01
   3.0043430e-01
   3.0819818e-01
  -5.4315061e-01
  -1.7978542e-01
   6.6421678e-01
  -6.7373797e-02
  -5.7547695e-01
   2.6839222e-01
   2.6656166e-01
  -1.6881628e-01
   2.6052829e-02
  -3.2726617e-01
   1.0544545e-01
   8.9019636e-01
  -8.2527190e-01
  -9.0864370e-01
   1.7158276e+00
   6.2555987e-02
  -2.0103457e+00
   1.2620812e+00
   1.2770197e+00
  -2.2480942e+00
   1.6839644e-01
   2.3545128e+00
  -1.5783825e+00
  -1.6857146e+00
   2.4139040e+00
   7.1761522e-01
  -2.6154292e+00
   1.7022097e-01
   2.3875101e+00
  -8.5341718e-01
  -1.9083279e+00
   1.3168755e+00
   1.2771165e+00
  -1.5325630e+00
  -6.1199404e-01
   1.5180593e+00
   3.9650886e-02
  -1.3901998e+00
   4.3310403e-01
   1.2530184e+00
  -9.1820215e-01
  -1.0860729e+00
   1.4766139e+00
   8.1698756e-01
  -2.0532884e+00
  -4.3056639e-01
   2.5915708e+00
  -8.5492936e-02
  -3.0527732e+00
   7.9911450e-01
   3.2722610e+00
  -1.6489775e+00
  -3.0084155e+00
   2.2496678e+00
   2.3263601e+00
  -2.1694678e+00
  -1.7873465e+00
   1.5330000e+00
   1.9324128e+00
  -1.1144312e+00
  -2.5257297e+00
   1.5482110e+00
   2.6039164e+00
  -2.4811168e+00
  -1.5059812e+00
   2.7782949e+00
  -2.5423361e-01
  -1.7112219e+00
   1.3807751e+00
  -1.9499816e-01
  -1.0997157e+00
   1.6707512e+00
  -9.4872340e-02
  -2.0053170e+00
   1.0919418e+00
   1.6329299e+00
  -1.3903630e+00
  -1.3762308e+00
   1.4185514e+00
   1.4071763e+00
  -1.6939823e+00
  -1.2508506e+00
   2.0775821e+00
   6.2511091e-01
  -2.0572846e+00
   1.4445955e-01
   1.4696371e+00
  -5.5385908e-01
  -6.6349841e-01
   4.4544249e-01
   8.9033214e-02
  -2.4637423e-02
   4.0914063e-02
  -4.1089650e-01
   2.6465844e-01
   5.9503029e-01
  -8.6425932e-01
  -2.9332087e-01
   1.4419800e+00
  -5.4747822e-01
  -1.5786985e+00
   1.6154075e+00
   1.0860552e+00
  -2.4042789e+00
  -2.0213872e-01
   2.6363245e+00
  -6.5561113e-01
  -2.4047637e+00
   1.2223885e+00
   1.9696914e+00
  -1.4435896e+00
  -1.5979118e+00
   1.4370839e+00
   1.4971390e+00
  -1.5077641e+00
  -1.6436470e+00
   1.9982069e+00
   1.6573112e+00
  -2.9316569e+00
  -1.0305144e+00
   3.8211018e+00
  -3.7826228e-01
  -3.9633738e+00
   2.0555071e+00
   3.0467780e+00
  -3.1271193e+00
  -1.5154834e+00
   3.0710017e+00
   2.7808454e-01
  -2.1903081e+00
   4.0916055e-02
   1.3544109e+00
   3.7844385e-01
  -1.2241876e+00
  -7.5775268e-01
   1.6742586e+00
   4.6993578e-01
  -1.9365296e+00
   3.3367820e-01
   1.3633104e+00
  -7.9225124e-01
  -1.7089592e-01
   1.3719529e-01
  -5.6252437e-01
   1.4162111e+00
  -1.8144335e-01
  -2.6162978e+00
   2.2851703e+00
   2.2191948e+00
  -4.3942233e+00
  -1.9605929e-01
   5.0483453e+00
  -2.1573041e+00
  -3.9866535e+00
   3.3847805e+00
   2.3047607e+00
  -3.1380963e+00
  -1.3289988e+00
   2.2826747e+00
   1.4364502e+00
  -1.8746092e+00
  -1.9889580e+00
   2.2209666e+00
   2.1944591e+00
  -2.9099886e+00
  -1.7893155e+00
   3.4474949e+00
   9.4200894e-01
  -3.5954581e+00
   1.4279579e-01
   3.1953400e+00
  -1.2286658e+00
  -2.0775147e+00
   1.8038143e+00
   4.1834586e-01
  -1.2732278e+00
   9.7496179e-01
  -3.6655602e-01
  -1.1016862e+00
   2.1863947e+00
  -3.1042242e-01
  -2.9268170e+00
   2.3877713e+00
   2.0720778e+00
  -3.7750613e+00
  -2.9303533e-01
   3.7669210e+00
  -1.2162396e+00
  -2.7551182e+00
   1.7834843e+00
   1.6216632e+00
  -1.5985725e+00
  -8.6562903e-01
   1.1511427e+00
   4.3058302e-01
  -6.1509593e-01
  -2.1032259e-01
  -6.5039514e-02
   3.4921690e-01
   7.1907264e-01
  -9.2098415e-01
  -9.6095330e-01
   1.6144539e+00
   6.5742105e-01
  -2.0005225e+00
  -7.2146416e-02
   1.9471188e+00
  -5.0199547e-01
  -1.5477967e+00
   9.3526757e-01
   8.5968385e-01
  -1.0448418e+00
  -4.8999668e-02
   6.2516818e-01
  -4.0909449e-01
   1.0339379e-01
   1.5322148e-01
  -4.6997839e-01
   4.8527739e-01
   8.8783192e-02
  -7.4709020e-01
   6.1867663e-01
   3.4413016e-01
  -9.1338840e-01
   1.9503791e-01
   6.2783993e-01
  -1.7680106e-01
  -3.4340351e-01
  -4.1702482e-01
   6.7162659e-01
   8.8334992e-01
  -1.4917841e+00
  -6.0320000e-01
   2.0422642e+00
  -2.2459749e-01
  -1.7915366e+00
   7.8886113e-01
   1.0718919e+00
  -5.7263187e-01
  -7.3061562e-01
  -9.4052854e-02
   1.2354100e+00
   4.0133584e-01
  -2.2349797e+00
   1.5484019e-01
   2.9169319e+00
  -1.3699291e+00
  -2.6543760e+00
   2.5060322e+00
   1.4164393e+00
  -2.7419705e+00
   1.3599229e-01
   1.7118406e+00
  -9.1657547e-01
   3.6774526e-02
   1.7847764e-01
  -1.2084857e+00
   1.6779464e+00
   7.9952112e-01
  -3.2576368e+00
   9.0332404e-01
   3.4237779e+00
  -2.5778792e+00
  -2.3357255e+00
   3.1910315e+00
   1.0746130e+00
  -2.8730356e+00
  -3.7982556e-01
   2.3953755e+00
   6.7608416e-02
  -2.0902044e+00
   3.1130893e-01
   1.6557118e+00
  -6.9012241e-01
  -8.9210487e-01
   6.6292913e-01
   1.2902427e-01
  -1.5990398e-01
   2.0946823e-01
  -4.4228818e-01
  -1.2436265e-01
   8.1411771e-01
  -8.2847250e-02
  -9.6894528e-01
   2.6551617e-01
   1.0106046e+00
  -5.0221153e-01
  -8.4344390e-01
   7.4176590e-01
   3.6798266e-01
  -6.8289686e-01
   1.3593443e-01
   2.0371307e-01
  -1.4206401e-01
   2.6227478e-01
  -4.7985984e-01
  -5.2366173e-02
   1.1161615e+00
  -9.8124546e-01
  -8.6528536e-01
   2.1234786e+00
  -5.8854784e-01
  -2.2519520e+00
   2.4762012e+00
   8.3509697e-01
  -3.3827921e+00
   1.3479151e+00
   2.4742185e+00
  -2.6542167e+00
  -4.0195402e-01
   2.0106921e+00
  -1.1977318e+00
   1.2507226e-01
   1.1524871e+00
  -2.2830362e+00
   4.1169956e-01
   3.2316059e+00
  -2.4766741e+00
  -2.6408664e+00
   3.9524644e+00
   9.6575160e-01
  -4.1578356e+00
   8.7735637e-01
   3.0818002e+00
  -1.9595138e+00
  -1.4552325e+00
   1.9934963e+00
   1.9526665e-01
  -1.5298680e+00
   4.6661290e-01
   1.2079800e+00
  -1.0246348e+00
  -9.8197871e-01
   1.8133862e+00
   4.0903399e-01
  -2.5329013e+00
   5.5267732e-01
   2.8027857e+00
  -1.5074768e+00
  -2.7196276e+00
   2.2787301e+00
   2.5183161e+00
  -3.0836820e+00
  -1.9907442e+00
   3.9122499e+00
   7.5014908e-01
  -4.1776853e+00
   9.6316198e-01
   3.3703329e+00
  -2.2367407e+00
  -1.8559403e+00
   2.4582088e+00
   5.8997679e-01
  -2.0110145e+00
  -2.3015616e-02
   1.6765484e+00
  -2.9512993e-01
  -1.5538147e+00
   8.2632725e-01
   1.0760798e+00
  -1.1853531e+00
  -1.0618262e-01
   6.4759844e-01
  -5.6691349e-01
   6.9431972e-01
   1.2234053e-01
  -1.8417521e+00
   1.2899551e+00
   1.9763582e+00
  -2.7962290e+00
  -1.1671761e+00
   3.7588213e+00
  -7.4764949e-02
  -4.0612990e+00
   1.4142339e+00
   3.6750816e+00
  -2.5845703e+00
  -2.5702428e+00
   3.1333314e+00
   1.1177527e+00
  -2.7935466e+00
  -4.4229459e-02
   1.9571275e+00
  -2.7674307e-01
  -1.3590063e+00
   2.1814958e-01
   1.2916128e+00
  -3.9067098e-01
  -1.3903507e+00
   9.3118673e-01
   1.1886090e+00
  -1.4690542e+00
  -6.5545176e-01
   1.6541760e+00
   1.1876386e-01
  -1.5093218e+00
   1.6672705e-01
   1.2750571e+00
  -2.0044351e-01
  -1.1115576e+00
   5.2284656e-02
   1.1098149e+00
   2.2494332e-01
  -1.4517358e+00
  -3.5446335e-01
   2.1866914e+00
  -2.0630277e-01
  -2.7619729e+00
   1.6151675e+00
   2.2389995e+00
  -3.0073858e+00
  -4.0781914e-01
   3.0979830e+00
  -1.5956897e+00
  -1.6544910e+00
   2.3460996e+00
  -1.1171076e-01
  -1.7222740e+00
   9.4346833e-01
   9.4609598e-01
  -9.6945120e-01
  -1.0000989e+00
   1.3682891e+00
   1.4355728e+00
  -2.7480149e+00
  -9.9718194e-01
   4.2390975e+00
  -7.3588635e-01
  -4.3797954e+00
   2.6530654e+00
   2.7600684e+00
  -3.1650242e+00
  -5.5935024e-01
   1.7867431e+00
  -5.4659897e-01
   4.3269870e-01
  -1.3826507e-01
  -1.9034019e+00
   1.9084417e+00
   1.7537053e+00
  -3.4172381e+00
  -2.5349398e-01
   3.6462117e+00
  -1.5729296e+00
  -2.3793270e+00
   2.5359063e+00
   2.8510155e-01
  -1.8951448e+00
   1.3206782e+00
  -3.1118259e-02
  -1.2968487e+00
   1.8668195e+00
  -2.8249965e-01
  -2.2560435e+00
   2.0515345e+00
   1.1568196e+00
  -2.6604092e+00
   1.6874251e-01
   2.1136626e+00
  -5.8660995e-01
  -1.5499745e+00
   2.5775471e-01
   1.7846858e+00
  -1.9245713e-01
  -2.4495738e+00
   9.2283012e-01
   2.6411050e+00
  -1.9911712e+00
  -2.0240309e+00
   2.6669790e+00
   1.0067553e+00
  -2.7423876e+00
  -6.0802669e-02
   2.4489059e+00
  -7.1434229e-01
  -1.9106949e+00
   1.3100999e+00
   1.0715156e+00
  -1.4809054e+00
  -1.1452426e-01
   1.0322940e+00
  -4.6827649e-01
  -3.0293817e-01
   4.7150101e-01
  -6.1772861e-02
  -3.9249511e-01
  -5.4870951e-02
   8.6640803e-01
  -2.0047342e-02
  -1.7364220e+00
   8.8238002e-01
   2.1020924e+00
  -2.1628984e+00
  -1.4099909e+00
   2.8908498e+00
   1.3572084e-01
  -2.6402965e+00
   8.3610114e-01
   1.9277791e+00
  -1.2365998e+00
  -1.4400000e+00
   1.5275963e+00
   1.1992393e+00
  -2.1111555e+00
  -6.9220733e-01
   2.7330449e+00
  -3.2974742e-01
  -2.7978186e+00
   1.4585119e+00
   2.1217958e+00
  -2.1033758e+00
  -1.1278193e+00
   2.1394544e+00
   2.9286754e-01
  -1.8886832e+00
   3.2276084e-01
   1.5971569e+00
  -8.8892224e-01
  -1.2171926e+00
   1.4105406e+00
   6.9274070e-01
  -1.7475584e+00
  -1.5752886e-01
   1.8882887e+00
  -2.8150341e-01
  -1.9189089e+00
   7.1687291e-01
   1.7468731e+00
  -1.1892431e+00
  -1.1564380e+00
   1.4549418e+00
   1.8604943e-01
  -1.2299590e+00
   8.0290418e-01
   5.1339507e-01
  -1.4396620e+00
   4.7617816e-01
   1.5050294e+00
  -1.4566485e+00
  -8.8849310e-01
   2.0217422e+00
  -2.5204339e-01
  -1.7273096e+00
   1.2713732e+00
   5.7530046e-01
  -1.3602988e+00
   6.8771518e-01
   3.3032369e-01
  -1.0745784e+00
   1.0508742e+00
   2.6101827e-01
  -1.6717158e+00
   1.0965676e+00
   1.0193703e+00
  -1.9427378e+00
   4.6379030e-01
   1.6757348e+00
  -1.8233099e+00
  -5.2806117e-01
   2.3477383e+00
  -7.2729386e-01
  -2.0269410e+00
   1.4390896e+00
   1.3935597e+00
  -1.5528478e+00
  -9.1539161e-01
   1.4561576e+00
   5.7603391e-01
  -1.3913843e+00
  -1.2352093e-01
   1.1999130e+00
  -4.2161472e-01
  -6.9769453e-01
   7.7484043e-01
   2.1409019e-02
  -8.1846369e-01
   5.8860908e-01
   6.9066266e-01
  -1.0921637e+00
  -4.5833487e-01
   1.4881700e+00
   4.6315482e-02
  -1.5704943e+00
   4.3712254e-01
   1.1526206e+00
  -6.1309789e-01
  -4.4688081e-01
   2.3729029e-01
  -3.5620051e-02
   4.8046434e-01
  -4.5495785e-02
  -1.0700974e+00
   6.2859261e-01
   1.1601023e+00
  -1.3774123e+00
  -6.1408959e-01
   1.8380162e+00
  -4.1708967e-01
  -1.5966681e+00
   1.4439858e+00
   5.7484011e-01
  -1.8432665e+00
   7.9458880e-01
   1.2898703e+00
  -1.7915394e+00
  -6.9739597e-03
