  -5.6300218e-02
  -1.0806654e+00
   1.6313018e-01
   1.9245145e+00
  -1.6835437e+00
  -1.8517026e+00
   4.0222077e+00
  -4.9948682e-01
  -4.8331313e+00
   3.9951174e+00
   2.6377280e+00
  -5.7360457e+00
   1.1974505e+00
   4.0107145e+00
  -3.5613518e+00
  -1.6598503e-01
   2.6446320e+00
  -2.7158522e+00
   4.3228789e-01
   2.7551768e+00
  -2.9678259e+00
  -6.9146346e-01
   3.2760961e+00
  -1.3270957e+00
  -1.8386102e+00
   1.8795014e+00
   2.8959908e-01
  -1.1447235e+00
   2.0281151e-01
   1.9750546e-01
   4.2158595e-01
   3.3448110e-02
  -1.4563834e+00
   7.2437539e-01
   2.0135918e+00
  -2.0411686e+00
  -1.5512816e+00
   3.0596323e+00
   2.5204842e-01
  -3.1105624e+00
   1.1101393e+00
   2.2601340e+00
  -1.8944877e+00
  -1.1101407e+00
   2.1245195e+00
   2.0023557e-02
  -2.1036199e+00
   1.1369251e+00
   1.7784965e+00
  -2.3580139e+00
  -9.7640987e-01
   3.2406277e+00
   3.4906334e-02
  -3.6922133e+00
   5.4331125e-01
   4.3243529e+00
  -1.0706457e+00
  -5.5061182e+00
   2.5478580e+00
   6.3423049e+00
  -5.1965020e+00
  -5.3419787e+00
   7.6050496e+00
   2.2493345e+00
  -7.9089034e+00
   1.2895276e+00
   5.7523940e+00
  -3.2088954e+00
  -2.6727796e+00
   2.9245499e+00
   5.3430945e-01
  -1.5277843e+00
   5.8098906e-02
   3.9972038e-01
   2.2758353e-01
  -5.0551161e-02
  -5.1640622e-01
   1.9324217e-01
   4.3611676e-01
  -4.1240786e-01
  -9.7464074e-03
   4.9567214e-01
  -6.6316692e-01
  -3.8543278e-01
   1.5281078e+00
   1.0576874e-01
  -2.6550302e+00
   4.0048585e-01
   4.2038625e+00
  -1.5501537e+00
  -5.9550630e+00
   3.9176610e+00
   6.8408436e+00
  -7.2945191e+00
  -5.5004010e+00
   1.0088397e+01
   1.7717366e+00
  -1.0272865e+01
   2.5515997e+00
   7.2747757e+00
  -4.9360864e+00
  -2.7486501e+00
   4.2452002e+00
  -7.4283298e-01
  -1.5643615e+00
   1.7868155e+00
  -1.0004820e+00
  -8.9914004e-01
   2.1147038e+00
  -4.1350876e-01
  -1.9204342e+00
   1.1018904e+00
   1.3542028e+00
  -1.1862875e+00
  -1.0273496e+00
   1.2071822e+00
   8.1837060e-01
  -1.3569465e+00
  -4.2448749e-01
   1.3528778e+00
  -2.2120176e-02
  -1.0475232e+00
   1.3950781e-01
   7.8480915e-01
   4.8556945e-02
  -9.5244664e-01
   8.2769609e-03
   1.3531253e+00
  -7.1612458e-01
  -1.3120812e+00
   1.7354476e+00
   4.8043559e-01
  -2.2993337e+00
   6.9209912e-01
   2.0937306e+00
  -1.4581941e+00
  -1.5700849e+00
   1.5976643e+00
   1.3405648e+00
  -1.5486874e+00
  -1.4788840e+00
   1.7848141e+00
   1.5476159e+00
  -2.2656114e+00
  -1.2042683e+00
   2.5940868e+00
   5.6681347e-01
  -2.5700304e+00
   8.5806106e-02
   2.3212952e+00
  -7.2721016e-01
  -1.8849353e+00
   1.4030805e+00
   1.0369132e+00
  -1.7802879e+00
   2.1582989e-01
   1.3336958e+00
  -1.2679942e+00
  -7.9028045e-02
   1.4322028e+00
  -1.2646646e+00
  -6.9618714e-01
   2.0163624e+00
  -3.9586646e-01
  -2.0856570e+00
   1.4743678e+00
   1.5906395e+00
  -2.4592955e+00
  -4.0076825e-01
   2.9763767e+00
  -1.4246354e+00
  -2.3337697e+00
   2.9963453e+00
   4.9286450e-01
  -3.1081128e+00
   1.3389619e+00
   1.6251425e+00
  -1.6984015e+00
   8.2948066e-02
   4.6305701e-01
  -4.7750548e-01
   9.5551426e-01
  -5.5289205e-01
  -1.1148292e+00
   1.6894500e+00
  -3.2176961e-02
  -1.6324951e+00
   1.2708068e+00
   3.2995222e-01
  -1.4223455e+00
   1.1256288e+00
   4.1083409e-01
  -1.5919906e+00
   7.4216242e-01
   9.1028796e-01
  -8.4221020e-01
  -7.6238674e-02
  -3.8936375e-01
   4.2019226e-01
   1.9527862e+00
  -2.4078423e+00
  -2.3469485e+00
   5.1120437e+00
   8.6720844e-01
  -6.9144697e+00
   1.7856784e+00
   6.8002315e+00
  -4.1134940e+00
  -5.0531994e+00
   4.9907604e+00
   2.8521349e+00
  -4.3599556e+00
  -1.2986309e+00
   3.0300864e+00
   7.2852740e-01
  -1.9647986e+00
  -6.6992259e-01
   1.6280305e+00
   2.9046367e-01
  -1.6693435e+00
   8.8725418e-01
   1.1845271e+00
  -2.3984776e+00
   3.7767934e-01
   3.0802159e+00
  -2.4204502e+00
  -2.2100714e+00
   3.5623928e+00
   3.8632132e-01
  -2.9715649e+00
   9.4094683e-01
   1.2226186e+00
  -8.5701219e-01
   2.9969847e-01
  -2.3802421e-01
  -7.5520492e-01
   1.2719099e+00
   4.2095466e-01
  -1.6666886e+00
  -1.7976599e-02
   1.6430211e+00
  -1.3059466e-01
  -1.6150806e+00
   1.5486993e-01
   1.6945499e+00
  -2.2405723e-01
  -1.7671991e+00
   3.6057362e-01
   1.7320447e+00
  -5.2349653e-01
  -1.5482230e+00
   6.3385961e-01
   1.2172580e+00
  -5.2487797e-01
  -8.7536205e-01
   6.1789831e-02
   8.2372374e-01
   6.0745072e-01
  -1.2908685e+00
  -1.0397426e+00
   2.1473976e+00
   8.2298130e-01
  -2.9276027e+00
   1.1008399e-01
   3.1105646e+00
  -1.4287324e+00
  -2.3945779e+00
   2.5272149e+00
   8.9963105e-01
  -2.7952888e+00
   7.6197558e-01
   2.0621763e+00
  -1.8110127e+00
  -8.3875725e-01
   1.9431569e+00
  -9.9205598e-02
  -1.5866293e+00
   4.4528375e-01
   1.3818347e+00
  -5.4304843e-01
  -1.4927247e+00
   8.3602022e-01
   1.5549341e+00
  -1.3175379e+00
  -1.2220816e+00
   1.6021933e+00
   5.9866014e-01
  -1.4333336e+00
  -8.3721975e-02
   9.8024768e-01
  -1.1535962e-01
  -6.0375371e-01
   1.8067025e-01
   4.1759517e-01
  -3.7429187e-01
  -1.8352567e-01
   6.1089825e-01
  -3.0717733e-01
  -4.4890009e-01
   7.5070848e-01
  -3.3407034e-01
  -4.0218203e-01
   1.1110794e+00
  -1.0540495e+00
  -6.8337300e-01
   2.7024966e+00
  -1.4155216e+00
  -2.9356697e+00
   4.0369923e+00
   1.0844544e+00
  -5.2810929e+00
   1.7519315e+00
   4.2749636e+00
  -3.7141074e+00
  -1.8530027e+00
   3.8070961e+00
  -4.1767452e-01
  -2.4187333e+00
   1.5376986e+00
   5.9176607e-01
  -1.4484977e+00
   8.3568929e-01
   6.1235421e-01
  -1.5028497e+00
   4.2030566e-01
   1.4351868e+00
  -1.2045587e+00
  -9.3540145e-01
   1.5551239e+00
   3.9825795e-01
  -1.6225975e+00
  -1.2155343e-02
   1.6820136e+00
  -3.5375461e-01
  -1.7926148e+00
   8.8030881e-01
   1.7673760e+00
  -1.4794846e+00
  -1.5089856e+00
   1.8861658e+00
   1.2253114e+00
  -2.0359809e+00
  -1.1969839e+00
   2.1834901e+00
   1.4075670e+00
  -2.6104030e+00
  -1.4849599e+00
   3.2789527e+00
   1.0093651e+00
  -3.7548082e+00
   4.2063221e-02
   3.5222442e+00
  -1.0848028e+00
  -2.5872806e+00
   1.3425589e+00
   1.8114582e+00
  -7.7349053e-01
  -2.2825193e+00
   5.2377721e-01
   3.9866894e+00
  -1.9489884e+00
  -5.3479897e+00
   4.9216207e+00
   4.6464320e+00
  -7.5440853e+00
  -1.8907744e+00
   7.9109356e+00
  -1.1073959e+00
  -5.9094709e+00
   2.4746128e+00
   3.1466716e+00
  -1.8579572e+00
  -1.3986777e+00
   4.5553648e-01
   1.1845949e+00
   2.6379918e-01
  -1.6169320e+00
   1.0402472e-01
   1.5560609e+00
  -7.5441708e-01
  -8.7119387e-01
   8.3104085e-01
   4.2283177e-01
  -5.4987609e-01
  -7.9345217e-01
   8.9406449e-01
   1.3399422e+00
  -2.1884065e+00
  -8.5097497e-01
   3.3590982e+00
  -9.0517665e-01
  -2.9370422e+00
   2.6730828e+00
   6.8995150e-01
  -2.9424270e+00
   2.0605421e+00
   1.4884981e+00
  -3.8005962e+00
   5.5760061e-01
   4.2313724e+00
  -2.0906493e+00
  -4.1245466e+00
   3.1315329e+00
   3.9749050e+00
  -4.3259219e+00
  -3.2726646e+00
   5.5964209e+00
   1.4011227e+00
  -5.8787233e+00
   1.0722804e+00
   4.4400309e+00
  -2.6320613e+00
  -2.0066790e+00
   2.4054050e+00
   1.2822766e-01
  -1.0206959e+00
   3.4633093e-01
  -2.2754631e-01
   2.1552677e-01
   6.1325171e-01
  -9.9101630e-01
  -2.0303361e-01
   1.4723777e+00
  -7.1328051e-01
  -1.4409859e+00
   1.9132365e+00
   6.5124430e-01
  -2.9631310e+00
   9.9533828e-01
   3.1373057e+00
  -3.0029439e+00
  -2.0102862e+00
   4.4284821e+00
  -5.3455852e-03
  -4.6544756e+00
   2.0073793e+00
   3.8012912e+00
  -3.3984343e+00
  -2.3003344e+00
   4.0710203e+00
   3.9856825e-01
  -3.9438814e+00
   1.6486910e+00
   2.8173119e+00
  -3.1871961e+00
  -9.0258364e-01
   3.5148182e+00
  -9.0388394e-01
  -2.7122017e+00
   1.7387130e+00
   1.7007130e+00
  -1.6601974e+00
  -1.2549946e+00
   1.4557074e+00
   1.2381895e+00
  -1.6120171e+00
  -1.0109353e+00
   1.7924444e+00
   3.7425098e-01
  -1.3668797e+00
   1.0938111e-01
   2.7068703e-01
   3.0256784e-01
   7.4434901e-01
  -1.6713968e+00
  -7.5099351e-01
   3.1039977e+00
  -3.7569253e-01
  -3.4875742e+00
   1.6651823e+00
   2.6493276e+00
  -1.9629917e+00
  -1.6547167e+00
   1.2447865e+00
   1.6498220e+00
  -7.5708019e-01
  -2.4216708e+00
   1.5329576e+00
   2.5452145e+00
  -2.9740087e+00
  -1.1752232e+00
   3.4321684e+00
  -7.3522413e-01
  -2.2137701e+00
   1.4466565e+00
   4.6855952e-01
  -4.4065392e-01
   1.2846468e-01
  -1.0538454e+00
   8.0677866e-01
   1.5001075e+00
  -2.1611939e+00
  -6.0489199e-01
   2.7070347e+00
  -7.0729778e-01
  -2.2969910e+00
   1.5557498e+00
   1.6067555e+00
  -1.9318942e+00
  -1.0580149e+00
   2.2461662e+00
   4.2471784e-01
  -2.5019909e+00
   5.5177683e-01
   2.2914152e+00
  -1.6086954e+00
  -1.4328194e+00
   2.2180041e+00
   2.4357820e-01
  -2.1550624e+00
   8.2079275e-01
   1.6112841e+00
  -1.5477566e+00
  -8.7957758e-01
   1.9551775e+00
   1.0937565e-01
  -2.0850029e+00
   6.8754886e-01
   1.8726201e+00
  -1.4795135e+00
  -1.1722218e+00
   2.0267668e+00
  -8.6526987e-03
  -1.9263012e+00
   1.2453403e+00
   1.0320275e+00
  -1.8612045e+00
   1.9953827e-01
   1.5348828e+00
  -9.9334032e-01
  -6.6714032e-01
   9.6022462e-01
   1.6914615e-02
  -4.2594269e-01
   1.5080056e-02
  -8.5257474e-03
   3.5744781e-01
   1.3957660e-01
  -7.8522727e-01
  -2.1475406e-01
   1.3305271e+00
   3.0828654e-01
  -2.2663764e+00
   7.2256018e-02
   3.3110391e+00
  -1.4022004e+00
  -3.4434602e+00
   3.1573439e+00
   1.9256026e+00
  -3.8820026e+00
   5.4533273e-01
   2.6399047e+00
  -2.2129523e+00
  -2.0444492e-01
   2.0261129e+00
  -1.6242860e+00
  -7.2368523e-01
   1.8704572e+00
  -8.1528840e-02
  -1.2045777e+00
  -3.6250177e-01
   9.2901547e-01
   1.4290078e+00
  -1.5926713e+00
  -2.0726834e+00
   2.7833963e+00
   1.8055775e+00
  -3.8445741e+00
  -7.3169569e-01
   4.3487139e+00
  -8.3363731e-01
  -4.0237342e+00
   2.3950802e+00
   2.7701101e+00
  -3.1679565e+00
  -1.0785537e+00
   2.5431987e+00
   1.5740474e-01
  -9.9911657e-01
  -1.0047291e+00
   2.0595305e-01
   3.0614445e+00
  -1.5494714e+00
  -4.2327044e+00
   4.3762583e+00
   2.8616586e+00
  -6.2248692e+00
   3.3825343e-01
   5.2366267e+00
  -2.8023828e+00
  -2.1179249e+00
   2.6795944e+00
  -6.2793766e-01
  -5.3518289e-01
   1.1872475e+00
  -1.5303577e+00
   1.9966015e-01
   1.9282731e+00
  -2.0100554e+00
  -5.2270011e-01
   2.8672834e+00
  -1.8430243e+00
  -2.1945822e+00
   4.0822994e+00
   1.9939263e-01
  -5.3044155e+00
   2.2850052e+00
   5.1810562e+00
  -4.1855463e+00
  -4.1655589e+00
   4.9023856e+00
   3.1357725e+00
  -4.7765048e+00
  -2.5446018e+00
   4.6307801e+00
   1.9624032e+00
  -4.7128784e+00
  -7.1471523e-01
   4.3224744e+00
  -1.0315233e+00
  -2.7125467e+00
   2.1300040e+00
   1.9613360e-01
  -1.5299467e+00
   1.8841095e+00
  -6.5835872e-01
  -2.2488827e+00
   3.1987447e+00
   6.7976138e-01
  -4.6871383e+00
   1.9035141e+00
   4.4946502e+00
  -4.1795092e+00
  -2.9917328e+00
   5.2960007e+00
   1.0326417e+00
  -5.2057958e+00
   7.4041317e-01
   4.3018438e+00
  -2.1247660e+00
  -2.8676465e+00
   3.0103998e+00
   1.0250004e+00
  -3.0582945e+00
   8.3511490e-01
   1.9940715e+00
  -1.8998140e+00
  -2.2992959e-01
   1.5263776e+00
  -1.0795507e+00
  -2.2893311e-02
   8.6276045e-01
  -1.3052756e+00
   8.6583170e-01
   1.0704115e+00
  -2.7869652e+00
   9.9666711e-01
   3.2003021e+00
  -3.6186600e+00
  -1.4688245e+00
   4.9012828e+00
  -1.3301385e+00
  -3.9379665e+00
   3.3210785e+00
   1.5279213e+00
  -3.4550536e+00
   7.2095660e-01
   2.1551452e+00
  -1.8200015e+00
  -4.9329263e-01
   1.7928947e+00
  -8.5326772e-01
  -9.7501673e-01
   1.6500873e+00
  -4.7819562e-01
  -1.5673881e+00
   2.2202244e+00
   2.3975394e-01
  -3.3495070e+00
   2.0324213e+00
   2.9722012e+00
  -4.0925310e+00
  -1.1515945e+00
   4.7909906e+00
  -1.0216375e+00
  -3.9518266e+00
   2.3877496e+00
   2.3319261e+00
  -2.5569703e+00
  -7.9398138e-01
   1.8211440e+00
  -2.3430244e-01
  -6.0380547e-01
   6.0693300e-01
  -7.3206352e-01
  -2.0055790e-01
   1.6953337e+00
  -9.0238062e-01
  -1.7166773e+00
   2.0909306e+00
   6.9224943e-01
  -2.4992577e+00
   6.2730179e-01
   1.8917668e+00
  -1.2027126e+00
  -1.0847106e+00
   8.3435312e-01
   1.0964819e+00
  -4.1780077e-01
  -1.9193213e+00
   8.2817921e-01
   2.5397765e+00
  -1.8183499e+00
  -2.2385956e+00
   2.3816429e+00
   1.4449747e+00
  -2.0495239e+00
  -1.0719527e+00
   1.3851745e+00
   1.3413513e+00
  -1.1525883e+00
  -1.6411282e+00
   1.3897954e+00
   1.4202779e+00
  -1.5086888e+00
  -8.7127146e-01
   1.1184619e+00
   6.4917162e-01
  -5.3876935e-01
  -1.0579539e+00
   4.5647018e-01
   1.6274999e+00
  -1.0941423e+00
  -1.5957482e+00
   1.8363646e+00
   8.3469908e-01
  -1.8787364e+00
  -9.0764772e-02
   1.2188215e+00
   1.0243691e-01
  -6.9000898e-01
  -6.5684501e-01
   8.8815763e-01
   8.8044264e-01
  -1.4030063e+00
  -4.2190253e-01
   1.4292950e+00
  -1.1618566e-01
  -8.8117889e-01
   9.5680425e-02
   3.9707093e-01
   2.7326371e-01
  -2.8421260e-01
  -3.9724244e-01
   5.6486620e-02
   3.4857496e-01
   7.0023248e-01
  -8.3534293e-01
  -1.4621656e+00
   2.0799497e+00
   1.2733867e+00
  -3.2301866e+00
  -7.0655031e-03
   3.1903797e+00
  -1.2897221e+00
  -1.8717265e+00
   1.4413385e+00
   3.5184809e-01
  -3.5776079e-01
   2.3635101e-01
  -9.6309704e-01
   2.1250948e-01
   1.5721527e+00
  -9.1801735e-01
  -1.4603281e+00
   1.2562695e+00
   1.2531165e+00
  -1.3717633e+00
  -1.2959357e+00
   1.7539220e+00
   1.3089358e+00
  -2.5086708e+00
  -8.5477892e-01
   3.2416584e+00
  -1.5032669e-01
  -3.5014433e+00
   1.4734774e+00
   3.0616573e+00
  -2.8249321e+00
  -1.8069259e+00
   3.7873849e+00
  -2.3947420e-01
  -3.6668765e+00
   2.4954560e+00
   1.9445553e+00
  -3.7078262e+00
   8.7827315e-01
   2.7872726e+00
  -3.1646818e+00
   2.3173893e-02
