  -1.1416653e-02
  -1.8467312e+00
  -2.2155193e+00
  -2.9837286e-01
   2.3786937e+00
   2.5447067e+00
  -5.7534753e-01
  -3.1922941e+00
  -1.6391929e+00
   2.0895702e+00
   2.7657147e+00
  -4.3340671e-01
  -2.6110865e+00
  -6.0609194e-01
   2.2054514e+00
   1.3984595e+00
  -1.5325823e+00
  -1.9239616e+00
   4.7931939e-01
   1.5470431e+00
  -3.2183412e-01
  -1.8177391e+00
  -1.1750540e-01
   2.6229683e+00
   2.4389419e+00
  -4.4869928e-01
  -2.1916991e+00
  -1.6572743e+00
  -1.7484486e+00
  -2.9376606e+00
  -7.7482268e-01
   6.0773512e+00
   1.0016471e+01
   3.6300086e+00
  -7.9006145e+00
  -1.2038454e+01
  -5.7035870e+00
   2.4791841e+00
   6.2676340e+00
   7.3685438e+00
   6.5927791e+00
   1.0838738e+00
  -7.2637935e+00
  -1.0425897e+01
  -4.6781824e+00
   4.0475855e+00
   7.6981843e+00
   4.7067048e+00
  -5.2319083e-01
  -3.4891812e+00
  -3.0055543e+00
  -5.9434561e-01
   1.3496680e+00
   1.2378414e+00
  -3.0667936e-01
  -1.0111877e+00
   5.8922197e-02
   1.1147391e+00
   4.5452412e-01
  -8.5606935e-01
  -7.3199393e-01
   7.2367693e-01
   1.3487317e+00
  -1.2765462e-01
  -2.1184027e+00
  -1.6752908e+00
   1.5064061e+00
   3.5325752e+00
   9.9168823e-01
  -3.4622355e+00
  -3.8612594e+00
   5.6540393e-01
   4.0746310e+00
   2.6804608e+00
  -8.8751564e-01
  -2.3338164e+00
  -1.5707432e+00
  -7.5988375e-01
  -3.7233139e-02
   1.5283634e+00
   2.7001531e+00
   1.3353536e+00
  -1.6428903e+00
  -2.8447521e+00
  -1.3157666e+00
   2.8250956e-01
   2.3513237e-01
   3.6791670e-01
   2.3118658e+00
   3.7715592e+00
   1.4000023e+00
  -3.6368324e+00
  -6.1055009e+00
  -3.2175884e+00
   1.9382326e+00
   4.6375038e+00
   3.8342492e+00
   1.6215351e+00
  -5.1875236e-01
  -2.5713060e+00
  -4.0044749e+00
  -3.3182505e+00
  -1.5965950e-01
   3.3530146e+00
   4.3699420e+00
   2.2614440e+00
  -6.2456921e-01
  -1.6384463e+00
  -1.1270818e+00
  -1.6195960e+00
  -3.2703889e+00
  -2.7462803e+00
   1.5485226e+00
   5.9165093e+00
   5.7462388e+00
   1.3584338e+00
  -3.0930538e+00
  -4.9546703e+00
  -4.8894351e+00
  -3.9739278e+00
  -1.0896528e+00
   5.1077234e+00
   1.1340367e+01
   1.0022004e+01
  -1.3678650e+00
  -1.3414457e+01
  -1.3928605e+01
  -3.2417046e+00
   6.8705435e+00
   8.8479414e+00
   5.8265331e+00
   2.5904562e+00
  -1.0934991e+00
  -5.5962197e+00
  -6.9537835e+00
  -2.1224685e+00
   4.7420867e+00
   6.2093679e+00
   1.0045268e+00
  -4.4494433e+00
  -4.3688354e+00
  -1.8795998e-01
   2.7552995e+00
   2.4623581e+00
   1.2479476e+00
   7.9325366e-01
  -3.8405540e-02
  -2.0257765e+00
  -3.3279889e+00
  -1.8890057e+00
   1.4021453e+00
   3.3367990e+00
   2.0486386e+00
  -7.3804871e-01
  -1.8685805e+00
  -7.1225360e-01
   6.0426954e-01
   6.2667648e-01
  -8.2071941e-02
  -8.6030033e-01
  -1.4651409e+00
  -8.5713308e-01
   1.6035323e+00
   3.8508275e+00
   2.8097994e+00
  -1.3432475e+00
  -4.7542330e+00
  -4.2462685e+00
  -7.8503139e-01
   2.1424098e+00
   2.9014193e+00
   2.9330227e+00
   3.1283133e+00
   1.4063252e+00
  -3.3527713e+00
  -7.0182151e+00
  -4.6349067e+00
   1.6315253e+00
   4.8513045e+00
   3.6363888e+00
   2.7467215e+00
   2.7268978e+00
  -1.3144542e+00
  -8.0089862e+00
  -8.0649704e+00
   9.1127330e-01
   8.6373744e+00
   6.6840230e+00
  -5.1224052e-01
  -4.1322111e+00
  -2.6557737e+00
  -4.0006977e-01
   8.1903681e-02
  -1.7531519e-01
   2.5722998e-01
   1.1556259e+00
   1.3429836e+00
   3.6605285e-01
  -7.4637422e-01
  -7.9264769e-01
  -3.4711746e-01
  -9.4405832e-01
  -1.9078337e+00
  -4.1133614e-01
   3.6318593e+00
   5.5213614e+00
   1.7903773e+00
  -4.1893747e+00
  -6.4966000e+00
  -4.0814088e+00
   3.9292066e-02
   3.8012604e+00
   6.0189579e+00
   4.7078889e+00
  -6.3580847e-02
  -4.3210452e+00
  -4.7389811e+00
  -2.6410534e+00
  -7.7613558e-01
   9.5688020e-01
   3.4534293e+00
   4.8111082e+00
   2.5681255e+00
  -1.9484587e+00
  -4.7524257e+00
  -3.9585368e+00
  -1.0406805e+00
   1.8842291e+00
   3.6345138e+00
   3.3331767e+00
   8.0046112e-01
  -2.2291439e+00
  -3.3487547e+00
  -2.1414841e+00
  -8.1446134e-02
   1.7436047e+00
   2.9369754e+00
   2.4905835e+00
  -2.5600995e-01
  -3.3413264e+00
  -3.4913825e+00
  -3.9636421e-01
   2.5267896e+00
   2.5126992e+00
   5.9586118e-01
  -6.5200250e-01
  -6.7277376e-01
  -6.8556385e-01
  -1.0602502e+00
  -6.8509576e-01
   9.7156790e-01
   2.2945640e+00
   1.1061905e+00
  -2.0195216e+00
  -3.4262960e+00
  -7.9514974e-01
   3.2065565e+00
   3.8818694e+00
   5.0892454e-01
  -2.9593193e+00
  -3.0317093e+00
  -3.9424326e-01
   1.7347291e+00
   1.3830264e+00
  -5.3946365e-01
  -1.5604577e+00
  -2.5419716e-01
   2.1316722e+00
   2.7836425e+00
   5.4564640e-01
  -2.3949127e+00
  -3.0888296e+00
  -1.6025956e+00
  -2.8178071e-01
   4.6640907e-01
   2.3460731e+00
   4.4892919e+00
   3.1025079e+00
  -2.0761448e+00
  -5.7076043e+00
  -4.2100742e+00
  -4.3707254e-01
   1.9932739e+00
   3.5308231e+00
   4.4453525e+00
   2.0746696e+00
  -3.2404527e+00
  -5.6394890e+00
  -2.1131082e+00
   2.2409780e+00
   2.2004434e+00
   1.6012036e-01
   5.9289485e-01
   1.8782542e+00
   2.1934497e-02
  -3.1953157e+00
  -2.7129574e+00
   1.2028412e+00
   3.3617719e+00
   1.6178189e+00
  -1.2220299e+00
  -2.4794870e+00
  -1.7066782e+00
   7.6503350e-01
   3.0458652e+00
   1.8807177e+00
  -2.2818865e+00
  -3.7810212e+00
   3.2198383e-01
   4.6029642e+00
   2.5908919e+00
  -3.4618549e+00
  -5.4979284e+00
  -7.5449132e-01
   4.8864458e+00
   4.9124225e+00
   3.0593090e-02
  -3.7539195e+00
  -3.0289115e+00
  -2.3014053e-01
   9.3050104e-01
   3.7934312e-01
   3.0933499e-01
   1.0483550e+00
   1.0583416e+00
   1.3341309e-01
  -2.2979679e-01
   2.1559966e-01
  -3.2946739e-01
  -2.3516304e+00
  -3.0301604e+00
  -9.3335904e-02
   3.8439854e+00
   4.1730409e+00
   6.8579826e-01
  -2.4189777e+00
  -2.4849878e+00
  -1.0784180e+00
  -5.3452206e-01
  -4.8749616e-01
   7.9610936e-01
   2.7822919e+00
   2.6636095e+00
  -2.4630888e-01
  -2.6442896e+00
  -2.0050042e+00
  -5.6866711e-01
  -1.0558418e+00
  -1.1550351e+00
   2.4691972e+00
   6.5076122e+00
   4.0658621e+00
  -4.3243080e+00
  -9.4418506e+00
  -5.2662462e+00
   3.3797440e+00
   7.7877333e+00
   5.4129759e+00
   1.5683867e-01
  -3.5886203e+00
  -4.1288332e+00
  -2.2081811e+00
  -9.3152665e-02
   4.8351716e-01
   4.2639689e-01
   1.5301192e+00
   2.9036784e+00
   2.2125405e+00
  -5.3451208e-02
  -1.4072473e+00
  -1.8172924e+00
  -3.0553639e+00
  -4.0824369e+00
  -1.6469086e+00
   3.9681763e+00
   7.5968939e+00
   5.0985012e+00
  -1.4840022e+00
  -5.9931688e+00
  -4.6756179e+00
  -1.7798041e-01
   1.3607495e+00
  -1.7063227e+00
  -2.9282526e+00
   3.5140113e+00
   1.1351761e+01
   7.8650495e+00
  -6.7117856e+00
  -1.5910466e+01
  -8.9344368e+00
   4.7945990e+00
   1.0507489e+01
   6.9080440e+00
   1.6255367e+00
  -2.1496571e+00
  -5.0683887e+00
  -5.1892688e+00
  -1.0544079e+00
   3.2045811e+00
   2.7550847e+00
  -5.5759357e-01
  -1.1451050e+00
   1.6865546e+00
   3.0806477e+00
   2.5907412e-01
  -3.6966624e+00
  -4.5402009e+00
  -1.8163240e+00
   2.0901998e+00
   4.8508321e+00
   4.7275442e+00
   1.1255854e+00
  -3.5884217e+00
  -5.3617095e+00
  -3.0983543e+00
   3.3222892e-01
   2.3605025e+00
   3.0000799e+00
   2.6022010e+00
   8.3914971e-01
  -1.4442736e+00
  -2.3696151e+00
  -1.6238529e+00
  -6.1737254e-01
   1.2013625e-01
   1.3672075e+00
   2.6629938e+00
   1.7630921e+00
  -2.0034375e+00
  -5.3553396e+00
  -3.8658578e+00
   2.7393789e+00
   8.8419857e+00
   7.5447804e+00
  -1.7201505e+00
  -1.0802657e+01
  -1.0582811e+01
  -1.1649886e+00
   8.3714476e+00
   1.0074712e+01
   4.0800557e+00
  -3.5411041e+00
  -6.7251814e+00
  -3.9527005e+00
   9.1636694e-01
   2.7782929e+00
   7.7229674e-01
  -1.3617139e+00
  -3.9086883e-01
   2.2514133e+00
   2.4541097e+00
  -6.0362543e-01
  -2.7465575e+00
  -9.0927392e-01
   1.7285876e+00
   4.6070612e-01
  -3.1426182e+00
  -3.0994568e+00
   1.8138148e+00
   5.7856856e+00
   4.0810741e+00
  -8.6740122e-01
  -3.9058359e+00
  -4.0322126e+00
  -3.2274586e+00
  -1.3582155e+00
   2.8036559e+00
   6.7286475e+00
   5.5792235e+00
  -8.0811456e-01
  -6.4400908e+00
  -6.0297397e+00
  -7.4307984e-01
   3.9023759e+00
   3.9927596e+00
   4.0385551e-01
  -2.6122849e+00
  -1.7579605e+00
   1.6187525e+00
   2.8903218e+00
   4.7569112e-02
  -3.4108138e+00
  -3.0316848e+00
   8.1743981e-01
   3.8034554e+00
   3.1218764e+00
  -7.9976089e-02
  -3.1145873e+00
  -4.1571457e+00
  -2.3015817e+00
   2.0102174e+00
   5.5879835e+00
   4.3070655e+00
  -1.3838507e+00
  -5.2912437e+00
  -3.1109950e+00
   1.3331823e+00
   1.8718657e+00
  -6.5412268e-01
  -6.2592547e-01
   2.5234874e+00
   3.3621719e+00
  -4.6844538e-01
  -4.3166444e+00
  -3.6383283e+00
  -2.1589064e-01
   1.9675988e+00
   3.0282675e+00
   4.4154685e+00
   3.1633446e+00
  -3.6051474e+00
  -9.9792858e+00
  -6.5581466e+00
   4.7122418e+00
   1.0868691e+01
   5.5381410e+00
  -3.1768511e+00
  -5.6795368e+00
  -2.8710903e+00
  -6.6231594e-01
  -2.1664064e-02
   1.4945560e+00
   3.0680053e+00
   1.8395417e+00
  -1.2054183e+00
  -2.1079281e+00
  -3.1176631e-01
   5.8719279e-01
  -9.2564385e-01
  -1.7062507e+00
   5.7251382e-01
   3.1272788e+00
   2.2060584e+00
  -1.0803960e+00
  -2.5348180e+00
  -1.0680150e+00
   4.0724901e-01
  -1.0363310e-02
  -6.8599617e-01
   1.9646194e-01
   1.6302153e+00
   1.7396999e+00
   5.6795314e-01
  -6.7308540e-01
  -1.4130123e+00
  -1.5905951e+00
  -1.1342820e+00
  -2.6069283e-01
   7.1864588e-01
   1.7524131e+00
   2.3127959e+00
   1.2770758e+00
  -1.1599098e+00
  -2.7463118e+00
  -1.9887352e+00
  -2.6909279e-01
   6.5363466e-01
   1.2968516e+00
   2.2894041e+00
   1.9921156e+00
  -6.2595720e-01
  -3.0913832e+00
  -2.7026760e+00
  -4.6807608e-01
   1.2029900e+00
   2.1464607e+00
   2.7366786e+00
   1.4228124e+00
  -2.2683869e+00
  -4.6415246e+00
  -2.1125099e+00
   2.7921237e+00
   4.2334418e+00
   1.2536653e+00
  -1.5801258e+00
  -1.7272396e+00
  -1.4257186e+00
  -1.8262013e+00
  -4.0851014e-01
   3.1416084e+00
   4.2450419e+00
   4.0408286e-01
  -3.8664208e+00
  -3.2280385e+00
   8.8950456e-01
   2.8816006e+00
   7.7978969e-01
  -2.1582891e+00
  -2.4146713e+00
   1.2794293e-01
   2.9150735e+00
   3.1734081e+00
   2.9095643e-01
  -2.9934136e+00
  -2.9863637e+00
   2.5544817e-01
   2.4049352e+00
   5.8973766e-01
  -2.3471836e+00
  -1.7072316e+00
   2.2412163e+00
   4.2811350e+00
   1.2796203e+00
  -3.4113088e+00
  -4.2334922e+00
  -6.0187021e-01
   2.6761345e+00
   2.0138522e+00
  -5.2974786e-01
  -8.3162423e-01
   1.0382995e+00
   1.0757682e+00
  -1.8214550e+00
  -3.0808144e+00
   4.6093689e-01
   4.3143448e+00
   2.4811295e+00
  -2.8240826e+00
  -4.1781279e+00
  -2.6677675e-01
   2.7214490e+00
   1.1403702e+00
  -1.1287207e+00
   1.7528276e-01
   2.5455175e+00
   8.6885214e-01
  -3.6655016e+00
  -4.2818697e+00
   1.0430566e+00
   5.3824053e+00
   2.4836443e+00
  -3.6294756e+00
  -4.1682824e+00
   1.5074740e+00
   5.0473382e+00
   1.4635281e+00
  -4.1103084e+00
  -4.5514448e+00
  -3.4331716e-01
   2.9927933e+00
   3.2485276e+00
   2.2890529e+00
   6.7572476e-01
  -2.6570840e+00
  -5.5387917e+00
  -3.3415954e+00
   3.3124249e+00
   6.7734026e+00
   2.2844996e+00
  -4.2255632e+00
  -3.9870612e+00
   1.5546875e+00
   3.1571889e+00
  -1.3808098e+00
  -3.9015533e+00
   4.0174093e-01
   4.9313864e+00
   2.3938975e+00
  -3.5304167e+00
  -4.1751669e+00
   8.2581228e-01
   3.8159584e+00
   9.9917861e-01
  -2.9333638e+00
  -2.5152961e+00
   1.4094929e+00
   3.8416015e+00
   1.9388594e+00
  -2.1725057e+00
  -4.0495074e+00
  -1.9348171e+00
   1.5129911e+00
   2.9313110e+00
   2.0002516e+00
   2.5860949e-01
  -1.4427724e+00
  -2.4136425e+00
  -1.4877368e+00
   9.6150498e-01
   2.4306106e+00
   1.4455457e+00
  -6.1668496e-01
  -1.9329869e+00
  -1.9780648e+00
  -2.6490559e-01
   2.9525034e+00
   4.1591863e+00
   2.8827927e-02
  -5.6715916e+00
  -5.2398892e+00
   1.4596227e+00
   5.9406488e+00
   3.3016576e+00
  -1.6665025e+00
  -2.6350681e+00
  -1.8420057e-02
   1.3483175e+00
  -7.3220436e-01
  -3.3574483e+00
  -2.4270611e+00
   2.0261336e+00
   5.3954869e+00
   3.8225662e+00
  -1.1771607e+00
  -4.5601178e+00
  -3.5665762e+00
  -3.5537129e-01
   1.2960925e+00
   7.4892842e-01
   6.2516816e-01
   2.2936188e+00
   3.3017587e+00
   8.4741691e-01
  -3.6198096e+00
  -5.5989548e+00
  -3.0248685e+00
   1.5336721e+00
   4.3721860e+00
   4.3411967e+00
   2.3353535e+00
  -7.4564696e-01
  -3.7999469e+00
  -4.8087580e+00
  -2.5238815e+00
   1.5340091e+00
   4.2216432e+00
   3.7748767e+00
   9.8292093e-01
  -2.0228088e+00
  -3.2550194e+00
  -1.8266826e+00
   1.0465964e+00
   2.3142092e+00
   3.4513301e-01
  -2.2985777e+00
  -1.8506927e+00
   1.2371434e+00
   3.0197362e+00
   1.8899768e+00
   7.5614988e-02
  -6.2013461e-01
  -9.3992954e-01
  -1.8563607e+00
  -3.1271479e+00
  -3.7789700e+00
  -1.7571701e+00
   4.5334566e+00
   1.1156477e+01
   9.4309527e+00
  -2.4876429e+00
  -1.3381944e+01
  -1.1962510e+01
  -1.7508889e+00
   5.4514784e+00
   6.1229603e+00
   5.3689325e+00
   4.9461511e+00
   1.4957215e+00
  -4.6815185e+00
  -7.8808952e+00
  -4.9751554e+00
   5.2901161e-01
   3.7478528e+00
   3.7994079e+00
   2.5314513e+00
   1.0463974e+00
  -6.1927203e-01
  -2.1360979e+00
  -2.6979943e+00
  -1.8077875e+00
  -9.8611953e-03
   1.3635453e+00
   1.7729162e+00
   1.9832275e+00
   1.8779092e+00
  -2.9208493e-01
  -4.1324798e+00
  -5.1353403e+00
  -3.7075755e-01
   5.8295761e+00
   6.3999018e+00
   7.4855072e-01
  -4.7583819e+00
  -5.2304878e+00
  -2.2933163e+00
   1.4581396e-01
   1.6647167e+00
   3.9467022e+00
   5.5567734e+00
   2.7221877e+00
  -3.8554243e+00
  -7.5210695e+00
  -4.0150450e+00
   2.1217695e+00
   3.6550509e+00
   7.2173236e-01
  -5.0371018e-01
   1.8844126e+00
   2.9336532e+00
  -2.3061594e-01
