   1.3292818e-01
  -3.2628087e+00
  -2.7916367e+00
   1.4982059e-01
   1.5815241e+00
   8.6544044e-01
   3.6504900e-01
   7.0661520e-01
   3.3075876e-01
  -9.2451919e-01
  -1.4243674e+00
  -6.0505768e-01
   5.0230098e-01
   1.0080903e+00
   5.9890410e-01
  -5.1026060e-01
  -9.7804627e-01
   3.6785713e-01
   2.0476528e+00
   1.2317433e+00
  -1.8965426e+00
  -3.5952437e+00
  -1.3515585e+00
   2.5738169e+00
   3.7166251e+00
   8.6521599e-01
  -2.4514804e+00
  -2.4037400e+00
   3.9895538e-01
   2.0998961e+00
   8.6592810e-01
  -1.2342233e+00
  -1.6618318e+00
  -4.4182062e-01
   7.8735024e-01
   1.0537973e+00
   6.6772514e-01
   3.0890596e-01
   6.9163578e-02
  -4.1375543e-01
  -1.0259316e+00
  -1.0469332e+00
  -2.7504055e-01
   4.4301821e-01
   5.4744818e-01
   8.0247133e-01
   1.6221783e+00
   1.3568154e+00
  -1.3043399e+00
  -3.8895853e+00
  -2.5269280e+00
   1.9881678e+00
   4.2521022e+00
   1.5925923e+00
  -2.1857847e+00
  -2.4168304e+00
   1.3091868e-01
   1.4285049e+00
   4.1218475e-01
  -5.4773848e-01
  -2.8870073e-01
  -1.4331770e-01
  -6.4676766e-01
  -4.1073923e-01
   1.0797870e+00
   2.1068539e+00
   1.0455766e+00
  -1.3453545e+00
  -2.7264421e+00
  -1.8500219e+00
   2.1031417e-01
   1.6779008e+00
   2.0371858e+00
   1.6011431e+00
   3.1542307e-01
  -1.4487838e+00
  -2.0417687e+00
  -6.4818125e-01
   6.7441374e-01
  -2.2842121e-01
  -1.6044178e+00
  -7.0331919e-02
   3.4309057e+00
   4.0603962e+00
   9.1614587e-02
  -4.3502327e+00
  -4.7851126e+00
  -1.4362097e+00
   2.4700114e+00
   4.4554878e+00
   3.4385287e+00
  -2.5189991e-01
  -3.7669755e+00
  -3.6519335e+00
  -4.3899594e-01
   1.7725080e+00
   1.2850401e+00
   5.3761786e-01
   9.9548095e-01
   7.6723534e-01
  -1.0798251e+00
  -2.0358121e+00
  -3.2757105e-01
   1.6809849e+00
   9.6761751e-01
  -1.4182707e+00
  -1.8749463e+00
   4.5520009e-01
   2.4615414e+00
   1.4393224e+00
  -1.2055644e+00
  -1.9816669e+00
  -2.0701918e-01
   1.1362722e+00
  -4.0016284e-02
  -1.6148277e+00
  -4.3462526e-01
   2.5666173e+00
   3.2333060e+00
   8.7044586e-02
  -3.3522412e+00
  -3.2225661e+00
  -3.2014492e-01
   1.4300384e+00
   4.8920676e-01
  -6.2819455e-01
   6.6325263e-01
   3.3013811e+00
   3.7289341e+00
   1.5608193e-01
  -4.7593877e+00
  -6.0982721e+00
  -2.2870101e+00
   2.6193646e+00
   3.9108814e+00
   2.0236522e+00
   8.4300823e-01
   1.4406143e+00
   9.1668010e-01
  -2.3209121e+00
  -5.2705262e+00
  -3.9800838e+00
   1.1895781e+00
   5.6308684e+00
   5.3151666e+00
   7.4307374e-01
  -3.7444662e+00
  -4.4283924e+00
  -1.7583785e+00
   1.0117302e+00
   1.8935342e+00
   1.4122254e+00
   6.3544643e-01
   6.5781962e-02
   8.8528104e-02
   5.4430035e-01
   2.0951357e-01
  -1.5021941e+00
  -2.8356510e+00
  -1.6350055e+00
   1.3569423e+00
   3.1403623e+00
   2.2710844e+00
   7.4559269e-02
  -1.7361649e+00
  -2.4144205e+00
  -1.3893628e+00
   1.2068322e+00
   3.1326748e+00
   1.8769565e+00
  -1.6431735e+00
  -3.5717205e+00
  -1.8708726e+00
   1.3108568e+00
   2.6164997e+00
   1.3609978e+00
  -3.3441104e-01
  -5.8362228e-01
  -8.5509929e-03
  -4.1843733e-01
  -1.6288344e+00
  -1.3124668e+00
   1.1828577e+00
   2.9141537e+00
   1.3037780e+00
  -1.6328817e+00
  -2.0266817e+00
  -7.9327786e-02
   5.4513687e-01
  -9.6028851e-01
  -1.1713532e+00
   1.5800269e+00
   3.8191422e+00
   1.7983590e+00
  -2.7503114e+00
  -4.4779782e+00
  -1.4035858e+00
   2.4584650e+00
   2.5184824e+00
  -2.7067043e-01
  -1.3044593e+00
   6.6554521e-01
   2.0912800e+00
   4.4372501e-01
  -2.3003557e+00
  -3.0377043e+00
  -1.3050050e+00
   1.2881397e+00
   2.9830905e+00
   2.7166991e+00
   7.6042582e-01
  -1.3670904e+00
  -2.3759606e+00
  -2.0668694e+00
  -7.3125950e-01
   1.0189153e+00
   1.8970186e+00
   9.5839442e-01
  -8.1673424e-01
  -1.2072142e+00
   4.7630492e-01
   2.0814305e+00
   1.0602962e+00
  -1.8118869e+00
  -2.7780355e+00
  -2.9867451e-01
   2.1505981e+00
   1.0370957e+00
  -1.6043258e+00
  -1.3638203e+00
   1.4757617e+00
   2.6475014e+00
   5.9972262e-01
  -1.9019169e+00
  -2.2895253e+00
  -7.8898610e-01
   1.0063782e+00
   1.6861111e+00
   7.7783136e-01
  -6.2519701e-01
  -8.8935742e-01
   6.6683400e-03
   5.9061775e-01
   1.2603794e-01
  -6.5494643e-01
  -8.2017365e-01
  -1.5651676e-01
   8.2474520e-01
   1.2542930e+00
   7.6407722e-01
  -1.0808440e-01
  -9.0952125e-01
  -1.6945755e+00
  -1.7630542e+00
   3.7333709e-02
   2.6290336e+00
   2.9452190e+00
   3.1557457e-01
  -2.1389935e+00
  -1.9294598e+00
  -3.3275012e-01
   2.5380360e-01
  -2.4047337e-01
  -2.0483651e-01
   9.6539920e-01
   2.0784565e+00
   1.6817538e+00
  -2.7413323e-01
  -2.4070669e+00
  -3.1580699e+00
  -1.8056776e+00
   1.1084856e+00
   3.5879591e+00
   3.2995880e+00
   2.0755176e-01
  -2.7178446e+00
  -2.7583511e+00
  -5.3168166e-01
   1.2814976e+00
   1.2431225e+00
   1.5731795e-01
  -4.6925510e-01
  -1.2548639e-01
   4.3783097e-01
   3.7034905e-01
  -2.1654930e-01
  -6.8481517e-01
  -8.0568608e-01
  -5.5474614e-01
   3.5978779e-01
   1.7364015e+00
   2.1890014e+00
   5.1090579e-01
  -2.2875359e+00
  -3.4728801e+00
  -1.6119070e+00
   1.6177004e+00
   3.2496326e+00
   2.2190578e+00
   8.4665823e-03
  -1.6220810e+00
  -2.2913621e+00
  -1.9667188e+00
  -6.6488738e-02
   2.7541421e+00
   3.5884410e+00
   6.7615663e-01
  -3.2709496e+00
  -3.9465537e+00
  -8.9814841e-01
   2.4138061e+00
   3.1484408e+00
   1.4460915e+00
  -8.1675607e-01
  -1.7873346e+00
  -9.7368469e-01
   7.8881385e-02
  -3.8321369e-01
  -1.3184446e+00
   2.7813061e-02
   3.1507165e+00
   3.6292365e+00
  -4.6596460e-01
  -4.7024630e+00
  -3.8855895e+00
   8.2129147e-01
   3.7208480e+00
   2.2104170e+00
  -6.8068614e-01
  -1.2489872e+00
   1.7072320e-01
   6.0405440e-01
  -9.3063789e-01
  -2.0512556e+00
  -5.9747071e-01
   1.9441968e+00
   2.3081068e+00
   1.1097589e-01
  -1.6412430e+00
  -9.1589094e-01
   7.1500694e-01
   6.8571205e-01
  -9.0195960e-01
  -1.5653676e+00
  -2.1161786e-02
   1.8943389e+00
   1.8032987e+00
   1.7016510e-01
  -8.2612964e-01
  -9.3660067e-01
  -1.4882493e+00
  -1.8479490e+00
   1.6728972e-02
   3.0585757e+00
   3.2958207e+00
  -2.1883774e-01
  -3.2188606e+00
  -2.0121768e+00
   1.3464633e+00
   2.1119934e+00
  -5.1324922e-01
  -2.5165568e+00
  -8.8805209e-01
   2.1617224e+00
   2.4737664e+00
  -1.1816829e-01
  -1.8597187e+00
  -7.4868147e-01
   8.8984110e-01
   3.4450311e-01
  -1.4484265e+00
  -1.4942018e+00
   8.6527113e-01
   2.8789242e+00
   1.8266753e+00
  -1.4404676e+00
  -3.2734821e+00
  -1.5887379e+00
   1.5765107e+00
   2.7763736e+00
   1.3899529e+00
  -5.3206802e-01
  -1.6992050e+00
  -2.3695619e+00
  -2.1265545e+00
   1.9624767e-01
   3.7206527e+00
   5.0229438e+00
   1.9031784e+00
  -3.3453691e+00
  -5.8354082e+00
  -3.3879245e+00
   1.0444465e+00
   3.0904192e+00
   2.2004009e+00
   1.3115554e+00
   1.7282967e+00
   1.2088293e+00
  -1.8727805e+00
  -4.9034214e+00
  -3.8174177e+00
   1.1055725e+00
   4.5700000e+00
   2.7150259e+00
  -1.4449499e+00
  -1.9187147e+00
   1.6430901e+00
   3.3547402e+00
  -1.7864495e-01
  -4.8912583e+00
  -4.9829339e+00
  -2.8383311e-01
   4.3160208e+00
   4.8174506e+00
   1.7238175e+00
  -1.5386351e+00
  -2.5763082e+00
  -1.8810020e+00
  -1.0171283e+00
  -2.2396007e-01
   1.1394181e+00
   2.4601387e+00
   1.9065234e+00
  -8.0985033e-01
  -3.0683740e+00
  -2.2250893e+00
   7.9721213e-01
   2.5769079e+00
   1.6446195e+00
  -6.5747729e-02
  -5.2180262e-01
  -3.6317108e-01
  -1.1174059e+00
  -2.0722393e+00
  -1.1604299e+00
   1.3468041e+00
   2.7095164e+00
   1.7684779e+00
   2.4202424e-01
  -6.6223430e-01
  -1.5759374e+00
  -2.1990092e+00
  -9.8176487e-01
   1.4022007e+00
   1.9497894e+00
  -1.4322713e-02
  -1.3369368e+00
   2.1787827e-01
   2.3466926e+00
   1.4327501e+00
  -2.0555793e+00
  -3.8170485e+00
  -1.4587598e+00
   2.2458520e+00
   3.2257992e+00
   1.3647479e+00
  -4.9501823e-01
  -1.2439895e+00
  -1.8656741e+00
  -2.0046821e+00
  -1.3624051e-01
   2.6576156e+00
   2.9423462e+00
   8.5464384e-02
  -2.2555160e+00
  -1.5195538e+00
   1.5302261e-01
   1.3020992e-01
  -2.4605174e-01
   1.0333917e+00
   1.9628049e+00
  -8.2051028e-02
  -2.6645878e+00
  -1.6318337e+00
   1.5354794e+00
   1.8813968e+00
  -5.9187043e-01
  -1.1916211e+00
   1.0811849e+00
   1.9470294e+00
  -6.0361533e-01
  -2.9418777e+00
  -1.7349259e+00
   1.2028422e+00
   2.3294326e+00
   1.3603457e+00
   1.5634430e-01
  -8.1865544e-01
  -1.8668059e+00
  -1.8139075e+00
   2.9990371e-01
   2.4935567e+00
   1.9610545e+00
  -6.6686866e-01
  -2.0034458e+00
  -7.4148233e-01
   8.3531241e-01
   6.6678532e-01
  -2.5882118e-01
  -2.1579529e-01
   2.4895253e-01
  -2.4453363e-01
  -9.5915401e-01
  -1.8255140e-01
   1.4845368e+00
   1.7284060e+00
   1.3076711e-01
  -1.3949779e+00
  -1.6525716e+00
  -1.1173219e+00
  -5.1104201e-02
   1.5145387e+00
   2.1370265e+00
   4.6550789e-01
  -1.7540014e+00
  -1.4613809e+00
   9.3688654e-01
   1.8171244e+00
  -2.5537343e-01
  -2.3637133e+00
  -1.5494073e+00
   1.1062447e+00
   2.3939631e+00
   1.3161970e+00
  -4.5595169e-01
  -1.4138439e+00
  -1.4590666e+00
  -7.8497862e-01
   5.5894031e-01
   1.7309434e+00
   1.3336906e+00
  -4.7941559e-01
  -1.4740714e+00
  -3.9353418e-01
   8.6954472e-01
   2.4367394e-01
  -1.0160954e+00
  -5.5604166e-01
   8.9458961e-01
   8.1157321e-01
  -6.6711114e-01
  -8.9007377e-01
   8.5548389e-01
   1.9992988e+00
   5.5047247e-01
  -1.9213770e+00
  -2.5169419e+00
  -7.8979247e-01
   1.2344892e+00
   1.8918989e+00
   1.1609145e+00
  -1.5361030e-01
  -9.5165379e-01
  -3.7317165e-01
   7.3647503e-01
   2.6570573e-01
  -1.7064614e+00
  -2.1186569e+00
   3.6024746e-01
   2.6870463e+00
   2.0303845e+00
  -1.7955702e-01
  -1.3510235e+00
  -1.4058879e+00
  -9.7728544e-01
   3.5740494e-01
   1.8681378e+00
   1.4055716e+00
  -8.2332627e-01
  -1.8673696e+00
  -7.9169166e-01
   5.9073649e-02
  -2.2557919e-01
   5.3878456e-01
   2.7802218e+00
   2.9725149e+00
  -8.3974939e-01
  -4.7468051e+00
  -3.7993259e+00
   9.5897569e-01
   3.8782113e+00
   2.1839539e+00
  -1.1157261e+00
  -1.8401643e+00
   2.4670069e-01
   1.8076050e+00
   4.7115419e-01
  -2.0485618e+00
  -2.1388652e+00
   6.6578765e-01
   2.7096911e+00
   1.2365497e+00
  -1.6858160e+00
  -2.2045392e+00
  -5.9876363e-02
   1.5921897e+00
   9.7732316e-01
  -3.5649514e-01
  -5.6492326e-01
  -1.0606865e-02
   2.0236035e-01
   1.6892922e-01
   2.4948521e-01
  -1.4090731e-01
  -1.0991008e+00
  -1.0954743e+00
   6.2709670e-01
   1.9748676e+00
   9.0272719e-01
  -1.0848310e+00
  -1.2860239e+00
  -4.8150000e-02
   5.0127527e-01
   2.0208993e-01
   1.5433863e-01
   1.1773495e-01
  -4.0968947e-01
  -4.4957667e-01
   5.1181681e-01
   9.0628962e-01
  -2.8090214e-01
  -1.3326902e+00
  -4.3265456e-01
   1.2407734e+00
   1.1972302e+00
  -5.6233791e-01
  -1.5353114e+00
  -4.4046699e-01
   1.0785308e+00
   1.1701770e+00
   2.3140497e-01
  -5.3650529e-01
  -1.0352989e+00
  -1.2527450e+00
  -3.4602016e-01
   1.5677728e+00
   2.4583256e+00
   9.1466369e-01
  -1.6237488e+00
  -2.6024823e+00
  -1.4350088e+00
   4.1590178e-01
   1.6700039e+00
   1.9675306e+00
   9.7947408e-01
  -1.0249798e+00
  -2.0109533e+00
  -3.9530383e-01
   1.6632352e+00
   7.6681582e-01
  -1.9221686e+00
  -1.9475157e+00
   1.0307109e+00
   2.4511824e+00
   4.2789296e-01
  -1.4088242e+00
  -2.7478995e-01
   1.5161216e+00
   8.5829471e-01
  -1.3878751e+00
  -2.3344422e+00
  -1.1954290e+00
   6.6312412e-01
   2.0067207e+00
   2.2239408e+00
   9.2133305e-01
  -1.2771205e+00
  -2.4826401e+00
  -1.5417848e+00
   4.0692936e-01
   1.5425945e+00
   1.5761743e+00
   9.8281562e-01
  -4.8667896e-01
  -2.3637051e+00
  -2.3197163e+00
   5.6794019e-01
   3.1811724e+00
   2.2612902e+00
  -8.5001569e-01
  -2.4883272e+00
  -1.6582321e+00
   8.2651059e-02
   1.4651400e+00
   1.7434858e+00
   3.9914452e-01
  -1.4156631e+00
  -1.4408521e+00
   2.8436982e-01
   1.0779032e+00
  -7.4387041e-02
  -6.9637575e-01
   8.1636866e-01
   1.8786794e+00
  -2.2222683e-01
  -3.2092821e+00
  -2.6688414e+00
   1.2097859e+00
   3.7608558e+00
   2.3823737e+00
  -6.0591083e-01
  -1.9915551e+00
  -1.6018274e+00
  -1.0229716e+00
  -4.8864173e-01
   7.7925500e-01
   1.9965312e+00
   1.3772813e+00
  -5.0179787e-01
  -9.2649033e-01
   4.2936679e-01
   4.9605462e-01
  -1.9104361e+00
  -3.1640747e+00
  -1.5966153e-01
   4.1071071e+00
   4.1850596e+00
  -1.0164839e-01
  -3.6338045e+00
  -3.1422443e+00
  -4.7768611e-01
   1.3560958e+00
   1.7968984e+00
   1.4962432e+00
   4.2504377e-01
  -1.2678394e+00
  -2.1651488e+00
  -1.0084712e+00
   1.2468380e+00
   2.2239594e+00
   1.0982573e+00
  -6.0138200e-01
  -1.4132537e+00
  -1.4533719e+00
  -1.0836870e+00
   3.6703973e-02
   1.7645370e+00
   2.6674247e+00
   1.3653267e+00
  -1.5354909e+00
  -3.4066142e+00
  -2.1660001e+00
   1.0966751e+00
   3.0850634e+00
   2.1333639e+00
  -2.3085675e-01
  -1.8163570e+00
  -2.0355878e+00
  -1.1477680e+00
   5.6916195e-01
   2.0293303e+00
   1.8254923e+00
   2.8071055e-01
  -9.4289835e-01
  -1.4140120e+00
  -1.7258268e+00
  -1.1324727e+00
   1.3222189e+00
   3.5544450e+00
   2.1989365e+00
  -1.9729595e+00
  -4.0803928e+00
  -1.5395779e+00
   2.4712876e+00
   3.2239266e+00
   2.3291065e-01
  -2.6369506e+00
  -2.1504068e+00
   6.8468808e-01
   2.3715983e+00
   1.2430734e+00
  -9.2826399e-01
  -1.4071715e+00
   9.6238014e-02
   1.1374974e+00
   5.6928293e-03
  -1.6533131e+00
  -1.3105057e+00
   4.8079877e-01
   1.2338873e+00
   7.4734078e-01
   8.7764802e-01
   1.5803467e+00
   7.3486709e-01
  -1.8951683e+00
  -3.6638514e+00
  -2.6578703e+00
   5.5670697e-02
   2.4124034e+00
   3.5238148e+00
   3.2181578e+00
   1.3645973e+00
  -1.5227662e+00
  -4.2527769e+00
  -5.4586991e+00
  -3.4336711e+00
   2.4017028e+00
   8.2751496e+00
   7.8053461e+00
   3.3487994e-02
