  -6.4183520e-02
   2.8803200e-01
  -2.5775290e+00
  -5.1144536e+00
  -2.2571289e+00
   3.8734504e+00
   6.2336103e+00
   2.4882784e+00
  -2.4810535e+00
  -3.6717390e+00
  -1.7005862e+00
  -2.2309323e-01
  -1.4119123e-01
   8.6863780e-01
   3.1636613e+00
   3.0739688e+00
  -1.2263053e+00
  -5.0653745e+00
  -3.1841403e+00
   2.1435413e+00
   4.2145868e+00
   1.3641150e+00
  -1.8497438e+00
  -1.9223155e+00
  -2.0255602e-01
   6.8616477e-01
   5.2002627e-01
   3.6644404e-01
   2.8548062e-01
  -1.6184018e-01
  -6.0892736e-01
  -5.3869188e-01
  -1.9191804e-01
  -1.1594819e-02
  -2.4220106e-02
   1.1074993e-01
   7.9146120e-01
   1.5310385e+00
   8.0084314e-01
  -1.4676824e+00
  -2.4717694e+00
  -4.4006420e-01
   1.7824065e+00
   8.2035802e-01
  -1.5076725e+00
  -1.1025479e+00
   1.5698946e+00
   2.4464017e+00
   3.7729667e-01
  -1.8215867e+00
  -1.9463095e+00
  -4.9369967e-01
   1.0638775e+00
   1.5332347e+00
   3.7563095e-01
  -1.2982383e+00
  -1.1780774e+00
   1.0022605e+00
   1.9861398e+00
  -5.8118627e-01
  -3.3599879e+00
  -1.2097591e+00
   4.1061969e+00
   4.8336684e+00
  -1.2648002e+00
  -6.5409993e+00
  -4.2794388e+00
   1.9959026e+00
   4.9320954e+00
   3.7018734e+00
   1.9136275e+00
  -2.8595000e-01
  -4.5914723e+00
  -7.6238439e+00
  -3.7782067e+00
   4.8709119e+00
   8.9306366e+00
   4.2030885e+00
  -2.4261656e+00
  -3.2948208e+00
  -6.7429048e-01
  -1.4814509e+00
  -5.0266617e+00
  -3.7396374e+00
   4.0066255e+00
   9.4107424e+00
   5.1056905e+00
  -3.9765187e+00
  -7.2282044e+00
  -2.7352954e+00
   1.8078544e+00
   1.6224588e+00
   4.1076983e-01
   1.5769570e+00
   1.8245527e+00
  -1.7434355e+00
  -4.5363673e+00
  -1.0415483e+00
   5.4096551e+00
   6.1774306e+00
  -7.3595977e-01
  -7.7499320e+00
  -7.0924016e+00
   4.4420127e-01
   7.1601155e+00
   6.9670818e+00
   1.1136988e+00
  -4.1459442e+00
  -4.6770348e+00
  -2.0725395e+00
   1.1496961e-01
   1.2799639e+00
   2.4756638e+00
   2.6335267e+00
   2.8633725e-01
  -2.3909230e+00
  -2.0240723e+00
   3.1259231e-01
   7.1013558e-01
  -8.6127095e-01
  -5.9707888e-01
   2.0684292e+00
   2.7593856e+00
  -5.8775629e-01
  -3.6017660e+00
  -2.0128263e+00
   1.6688991e+00
   2.4183384e+00
   3.9728880e-01
  -6.0196600e-01
   6.4360967e-02
  -1.6583136e-01
  -1.7038004e+00
  -2.0286938e+00
  -9.4948792e-03
   2.5437128e+00
   3.7040511e+00
   2.7997281e+00
  -6.9909098e-01
  -5.7731794e+00
  -7.5040517e+00
  -1.6527809e+00
   7.2659434e+00
   9.0168133e+00
   1.4159598e+00
  -5.7749709e+00
  -4.5419841e+00
   7.7939221e-01
   1.8181169e+00
  -1.2015729e+00
  -1.9808317e+00
   7.4660672e-01
   2.2140033e+00
   6.1480186e-01
  -1.6358462e-01
   1.7625635e+00
   2.2583283e+00
  -1.7242009e+00
  -5.9985867e+00
  -4.5338947e+00
   1.9585243e+00
   6.7795086e+00
   5.3471012e+00
  -1.3444523e-01
  -3.9906800e+00
  -3.5556990e+00
  -1.3587503e+00
  -8.1964022e-01
  -1.3180579e+00
   4.1540926e-01
   4.4739450e+00
   6.3221162e+00
   2.5527560e+00
  -4.0637597e+00
  -7.4288374e+00
  -4.9085823e+00
   6.0728350e-01
   4.5430478e+00
   4.6291592e+00
   1.7871277e+00
  -1.0839205e+00
  -1.7024236e+00
  -9.3131080e-01
  -1.3165478e+00
  -2.3898942e+00
  -7.5534919e-01
   3.3950859e+00
   4.5572450e+00
   2.4266501e-01
  -3.9149914e+00
  -2.4585397e+00
   1.1800267e+00
   7.7969291e-01
  -1.8574620e+00
  -3.3848937e-01
   4.2696368e+00
   4.0233816e+00
  -2.6676481e+00
  -7.1201008e+00
  -2.8258594e+00
   4.9871681e+00
   6.6835328e+00
   7.6409681e-01
  -5.4050538e+00
  -5.2900414e+00
   1.7225553e-01
   5.0786790e+00
   4.8452453e+00
  -1.8311508e-01
  -5.2718801e+00
  -5.1905339e+00
   5.2883283e-01
   6.0193545e+00
   4.9196964e+00
  -1.7283264e+00
  -6.0885793e+00
  -3.3169376e+00
   2.4099609e+00
   4.2234372e+00
   1.6759124e+00
  -6.1639125e-01
  -8.9122001e-01
  -1.4351578e+00
  -2.8740631e+00
  -2.5362880e+00
   9.6355572e-01
   5.0457381e+00
   5.7579868e+00
   1.6061173e+00
  -4.6589227e+00
  -7.6194470e+00
  -4.2256925e+00
   2.4093986e+00
   6.0871574e+00
   4.3463180e+00
   2.8259657e-01
  -2.1240964e+00
  -2.2028190e+00
  -1.6773533e+00
  -1.4010357e+00
  -5.0145480e-01
   1.4660877e+00
   2.9692332e+00
   2.1863969e+00
  -3.8148287e-01
  -2.3972778e+00
  -2.5962562e+00
  -1.5888429e+00
   1.8351411e-01
   2.8731150e+00
   4.7681832e+00
   2.4392857e+00
  -3.9985807e+00
  -8.1134718e+00
  -3.8907919e+00
   5.3175003e+00
   9.2825944e+00
   3.5220143e+00
  -5.0079444e+00
  -7.2313437e+00
  -2.7539558e+00
   2.2450406e+00
   4.1119420e+00
   3.6386021e+00
   1.4041699e+00
  -2.6778137e+00
  -5.6326957e+00
  -3.3256056e+00
   2.6537180e+00
   5.4257555e+00
   2.2959250e+00
  -1.4299853e+00
  -1.1490995e+00
   7.4438770e-02
  -1.9057123e+00
  -4.0034091e+00
  -1.0690045e+00
   4.3552405e+00
   5.1987537e+00
   7.3121326e-01
  -3.0132737e+00
  -2.6586381e+00
  -8.4449894e-01
  -2.6340139e-01
   4.2800945e-02
   1.2783287e+00
   2.0574343e+00
   1.0190796e+00
  -6.2900748e-01
  -1.3412375e+00
  -1.5690132e+00
  -1.6829832e+00
  -2.9537259e-01
   2.6237012e+00
   3.7363263e+00
   7.6299834e-01
  -3.2349835e+00
  -3.4094388e+00
   2.0120953e-01
   2.7223349e+00
   1.2485816e+00
  -1.3383080e+00
  -1.1426552e+00
   6.9635230e-01
   5.0353804e-01
  -1.1284987e+00
  -4.7084435e-01
   2.1035023e+00
   2.2180239e+00
  -9.6042581e-01
  -3.1934427e+00
  -1.8660012e+00
   7.8868166e-01
   1.9743602e+00
   1.7697558e+00
   1.1368336e+00
  -2.4305768e-01
  -2.2865114e+00
  -2.9630816e+00
  -8.2821497e-01
   2.2618354e+00
   3.2477893e+00
   1.5740561e+00
  -1.0638762e+00
  -2.9824848e+00
  -2.7378465e+00
   3.6793440e-01
   3.9039878e+00
   3.5149862e+00
  -1.0850719e+00
  -4.6368966e+00
  -3.2498311e+00
   7.7075960e-01
   3.2080974e+00
   3.1203096e+00
   1.5807004e+00
  -8.0812438e-01
  -2.9450100e+00
  -3.0451840e+00
  -1.0985596e+00
   9.1099651e-01
   1.8722560e+00
   2.3429707e+00
   2.2978126e+00
   5.9030232e-01
  -2.4235525e+00
  -3.8249542e+00
  -1.7177652e+00
   1.3282145e+00
   1.4678542e+00
  -2.6277687e-01
   5.1508163e-01
   3.4029945e+00
   2.8539534e+00
  -2.1435759e+00
  -5.0994678e+00
  -2.1382466e+00
   1.7874095e+00
   1.1675310e+00
  -1.4434825e+00
  -2.9511354e-01
   3.8755604e+00
   4.7063735e+00
  -1.5913049e-01
  -5.3342660e+00
  -5.0122319e+00
  -3.3373854e-01
   3.0781377e+00
   2.5714542e+00
   6.0362291e-01
   1.4421407e-01
   4.5591738e-01
  -9.9286275e-01
  -3.3323693e+00
  -2.3170910e+00
   2.8543454e+00
   6.2454655e+00
   2.5639881e+00
  -4.5642357e+00
  -6.7646590e+00
  -2.1945386e+00
   2.9191804e+00
   3.7718909e+00
   2.1111904e+00
   1.0403611e+00
   2.5317523e-01
  -1.4586169e+00
  -2.9311436e+00
  -2.3629493e+00
  -2.4394588e-01
   1.3993078e+00
   1.6868661e+00
   1.3321184e+00
   9.6089696e-01
   4.2812964e-01
  -3.6865722e-01
  -1.2168549e+00
  -1.9086408e+00
  -1.9438776e+00
  -6.3845363e-01
   1.6060108e+00
   3.1180003e+00
   2.7199540e+00
   6.9707543e-01
  -1.9717576e+00
  -3.9187902e+00
  -3.3667536e+00
   1.0856313e-01
   3.8009079e+00
   3.9327297e+00
   2.1423087e-01
  -3.0767105e+00
  -1.9186965e+00
   2.0719701e+00
   3.1079755e+00
  -1.0580461e+00
  -5.2486627e+00
  -3.4027759e+00
   2.7369863e+00
   5.6893673e+00
   2.5275017e+00
  -1.8238059e+00
  -2.5451514e+00
  -1.1060335e+00
  -8.8403213e-01
  -1.0332837e+00
   1.0104883e+00
   3.6097809e+00
   2.4849721e+00
  -2.2924239e+00
  -5.1823768e+00
  -2.3479195e+00
   3.0052665e+00
   4.8326632e+00
   1.9808478e+00
  -1.5308964e+00
  -2.8161586e+00
  -2.4014420e+00
  -7.6915423e-01
   2.0450458e+00
   3.3119272e+00
   1.2669728e-01
  -4.1550111e+00
  -2.6598994e+00
   3.9445406e+00
   6.2229230e+00
  -3.6739670e-01
  -7.3100846e+00
  -4.7713810e+00
   3.6644209e+00
   6.2628986e+00
   4.7517167e-01
  -4.2866589e+00
  -1.6544889e+00
   2.9019626e+00
   1.9637072e+00
  -2.3705739e+00
  -3.0522033e+00
   4.6326499e-01
   2.5544663e+00
   1.1031168e+00
  -3.2700661e-01
   3.0709258e-01
   5.2025781e-01
  -1.3681730e+00
  -2.8023370e+00
  -1.0424426e+00
   2.2409725e+00
   2.9794324e+00
   3.5688118e-01
  -2.0502556e+00
  -1.2476438e+00
   1.2375213e+00
   1.7765164e+00
  -4.3074648e-01
  -2.5535284e+00
  -1.9174025e+00
   7.8432326e-01
   2.6411361e+00
   2.0600418e+00
   4.9809994e-02
  -1.6085987e+00
  -2.1005210e+00
  -1.4379868e+00
   1.7210769e-01
   2.0941964e+00
   2.8764549e+00
   1.3154044e+00
  -1.6448740e+00
  -3.3758437e+00
  -2.5749784e+00
  -3.2408085e-01
   1.9802840e+00
   3.5448636e+00
   3.2264795e+00
   4.1510502e-01
  -3.1084373e+00
  -4.4474768e+00
  -2.6690472e+00
   6.3680785e-01
   3.1926445e+00
   3.5750695e+00
   1.8159790e+00
  -6.8697408e-01
  -2.2112485e+00
  -2.0933491e+00
  -1.0586885e+00
  -2.0811013e-01
   1.2580779e-01
   5.0007340e-01
   1.4266979e+00
   2.2652321e+00
   1.5303544e+00
  -9.0216251e-01
  -2.7745248e+00
  -2.2216934e+00
  -4.1728748e-01
   5.6779076e-01
   9.3378865e-01
   1.7125044e+00
   1.9474672e+00
   2.1833871e-01
  -2.2115572e+00
  -2.4330912e+00
   2.1256923e-01
   2.8461293e+00
   1.9775258e+00
  -2.3102289e+00
  -5.4071661e+00
  -2.7587757e+00
   4.1964140e+00
   8.5242566e+00
   5.3367834e+00
  -2.7281806e+00
  -8.6078758e+00
  -7.8096214e+00
  -1.5900226e+00
   4.8521019e+00
   6.6644157e+00
   3.5909813e+00
  -8.5105145e-02
  -1.1336638e+00
  -1.1052112e+00
  -2.4271158e+00
  -3.6189067e+00
  -1.8897483e+00
   1.5957543e+00
   2.9990804e+00
   1.5301111e+00
   3.1104751e-01
   1.1854083e+00
   1.7207161e+00
  -8.4647623e-01
  -4.5933115e+00
  -4.6496379e+00
   2.2356481e-01
   5.2932815e+00
   5.1121682e+00
  -1.0856655e-01
  -4.5588705e+00
  -3.3335474e+00
   1.8267007e+00
   4.3952099e+00
   9.4577827e-01
  -4.3706755e+00
  -4.8896815e+00
   1.3523945e-01
   4.8577814e+00
   4.3925356e+00
   1.3279525e-01
  -2.9772230e+00
  -2.1794939e+00
   7.4821730e-01
   1.8275618e+00
  -4.9304870e-01
  -3.2321299e+00
  -2.5068648e+00
   1.3094255e+00
   4.0238364e+00
   2.9983353e+00
  -1.5325310e-02
  -1.8136865e+00
  -1.6555933e+00
  -1.0484863e+00
  -8.5983659e-01
  -4.4108599e-01
   6.3313863e-01
   1.5782186e+00
   1.5067639e+00
   4.9959503e-01
  -8.1608758e-01
  -1.8899166e+00
  -1.8757678e+00
   1.6427433e-01
   3.1964053e+00
   3.6599367e+00
  -3.3578557e-01
  -5.0897321e+00
  -4.9331319e+00
   4.1432231e-01
   5.3263049e+00
   5.1495985e+00
   7.7071678e-01
  -3.6528288e+00
  -4.8362602e+00
  -2.1743649e+00
   2.0145971e+00
   3.8067543e+00
   1.5826632e+00
  -1.4838541e+00
  -1.4044674e+00
   8.6786488e-01
   1.1371356e+00
  -1.2223133e+00
  -2.4159866e+00
  -3.9673815e-01
   2.1849705e+00
   2.1487988e+00
  -1.7892989e-01
  -2.1324105e+00
  -1.8550939e+00
   3.9001690e-01
   2.6332258e+00
   2.5846194e+00
  -2.3500638e-01
  -3.4254509e+00
  -3.6906219e+00
  -3.9441265e-01
   3.3949069e+00
   4.0070922e+00
   1.1655108e+00
  -1.8709777e+00
  -2.4499985e+00
  -1.5529789e+00
  -1.2781715e+00
  -8.1872420e-01
   1.8131225e+00
   4.6583435e+00
   3.0811458e+00
  -2.5816326e+00
  -5.5568728e+00
  -1.8261281e+00
   3.5787440e+00
   3.5928288e+00
  -1.1319651e+00
  -4.1075224e+00
  -2.0719929e+00
   2.1412718e+00
   4.2481019e+00
   2.7241956e+00
  -8.3306189e-01
  -3.4708482e+00
  -3.2970987e+00
  -1.0289179e+00
   1.0850277e+00
   1.9023337e+00
   2.0994733e+00
   2.1155730e+00
   8.7508696e-01
  -2.1991349e+00
  -4.8456086e+00
  -3.5484997e+00
   1.9272134e+00
   6.6992663e+00
   5.2844978e+00
  -1.6437554e+00
  -7.0817222e+00
  -5.6147090e+00
   4.8519096e-01
   4.7093656e+00
   4.0545026e+00
   1.3620951e+00
   3.9852122e-01
   3.7400669e-01
  -2.3246731e+00
  -6.6532982e+00
  -5.7885866e+00
   2.7124391e+00
   1.0239570e+01
   7.2347970e+00
  -2.9170561e+00
  -7.9424861e+00
  -3.6146455e+00
   1.8810545e+00
   1.6484932e+00
  -7.0557924e-01
   4.7477437e-01
   2.9984572e+00
   1.7458102e+00
  -1.8720118e+00
  -2.5553750e+00
  -1.8149481e-01
   7.4677607e-01
  -7.2234718e-01
  -1.0142917e+00
   9.6941311e-01
   2.0946508e+00
   9.0083545e-01
  -3.6459013e-01
  -4.9804533e-01
  -9.0257921e-01
  -1.6340272e+00
  -8.9385698e-01
   9.3912521e-01
   1.5186529e+00
   9.0120980e-01
   9.5307766e-01
   8.0439028e-01
  -1.7428266e+00
  -4.4810993e+00
  -2.4437016e+00
   3.7286997e+00
   6.7597968e+00
   2.4790839e+00
  -4.0800666e+00
  -5.6877789e+00
  -2.2332277e+00
   1.1548182e+00
   2.1611589e+00
   2.3713820e+00
   2.3737213e+00
   9.8006313e-01
  -1.4556748e+00
  -2.9210703e+00
  -2.5008749e+00
  -8.2363462e-01
   1.2061710e+00
   2.4889209e+00
   2.0129419e+00
   2.6052741e-01
  -1.0672907e+00
  -1.2305291e+00
  -9.4415974e-01
  -6.9116930e-01
   9.7180653e-03
   1.3771424e+00
   2.1993694e+00
   7.4346853e-01
  -2.5080750e+00
  -3.9310009e+00
  -6.8944777e-01
   4.5708725e+00
   5.6423855e+00
   2.8225002e-01
  -6.2342296e+00
  -6.7185638e+00
  -4.6643786e-01
   5.7735542e+00
   5.8251533e+00
   1.1898303e+00
  -2.0753499e+00
  -1.9495557e+00
  -1.7534262e+00
  -3.0600255e+00
  -2.6224552e+00
   1.4623008e+00
   5.1591884e+00
   3.9110965e+00
  -3.3985492e-01
  -2.0686942e+00
  -6.4700387e-01
  -7.4951831e-01
  -3.7565022e+00
  -4.3069295e+00
   1.2182295e+00
   7.3745018e+00
   6.4146880e+00
  -4.4406769e-01
  -5.0247193e+00
  -4.0220691e+00
  -1.8558098e+00
  -1.6649307e+00
  -5.2069195e-01
   3.9043661e+00
   7.3075731e+00
   3.9381235e+00
  -4.3504347e+00
  -8.8641183e+00
  -4.4977251e+00
   3.9340754e+00
   7.5524623e+00
   3.4346253e+00
  -3.2513344e+00
  -5.8324839e+00
  -2.8284575e+00
   1.7986950e+00
   3.7771501e+00
   2.7792340e+00
   1.0864948e+00
  -4.9904697e-01
  -2.7679165e+00
  -4.4743255e+00
  -2.5058847e+00
   2.7515049e+00
   5.9320091e+00
   3.3292663e+00
  -2.0104122e+00
  -4.6727245e+00
  -3.3418442e+00
  -1.2126249e-01
