  -7.8936356e-02
   2.8005700e+00
   2.8469199e+00
  -9.3111911e-01
  -4.6880605e+00
  -2.5738970e+00
   4.4662454e+00
   7.3301319e+00
   6.1924540e-01
  -8.2303275e+00
  -7.8047821e+00
   1.4973508e+00
   7.9280213e+00
   4.9220519e+00
  -1.1987215e+00
  -2.9086490e+00
  -1.7730231e+00
  -1.6926671e+00
  -8.5669956e-01
   2.3123623e+00
   3.0895599e+00
  -1.5546978e+00
  -5.2021863e+00
  -8.3066240e-01
   6.7913360e+00
   6.5489424e+00
  -2.5610382e+00
  -9.0450321e+00
  -4.5229323e+00
   5.1119035e+00
   7.6455966e+00
   3.8967972e-02
  -7.8442164e+00
  -5.5018957e+00
   4.5463945e+00
   9.7409869e+00
   4.1847520e+00
  -4.6895302e+00
  -8.0530772e+00
  -5.5663803e+00
  -5.0092674e-01
   5.3542721e+00
   8.3835571e+00
   4.1711466e+00
  -4.2792091e+00
  -7.5495054e+00
  -2.5307723e+00
   3.1922809e+00
   2.9151908e+00
  -4.2336584e-01
  -1.1377921e+00
   2.4466099e-01
   3.3743414e-01
  -2.0926109e-01
   7.5090878e-01
   1.5429810e+00
  -1.5595717e-01
  -2.2492268e+00
  -1.7632629e+00
  -5.6601190e-02
   4.6998030e-01
   1.0718170e+00
   3.0195414e+00
   3.0054284e+00
  -2.0100518e+00
  -7.5912463e+00
  -5.6942332e+00
   3.8499408e+00
   1.1083407e+01
   7.6149602e+00
  -3.2591587e+00
  -1.1050768e+01
  -9.5470033e+00
  -9.5281875e-01
   7.9666652e+00
   1.0524092e+01
   4.3842379e+00
  -4.9303283e+00
  -7.9666131e+00
  -2.4211621e+00
   3.3861219e+00
   2.0273548e+00
  -2.7068373e+00
  -2.5272240e+00
   2.5904517e+00
   5.3476920e+00
   2.3853721e+00
  -2.2190566e+00
  -4.0632025e+00
  -3.2617076e+00
  -1.4743704e+00
   1.1801883e+00
   4.1532729e+00
   4.7583647e+00
   1.2996687e+00
  -3.7732146e+00
  -6.0066853e+00
  -3.3667994e+00
   2.2045472e+00
   6.3161653e+00
   5.1924249e+00
  -8.1081220e-01
  -6.4538790e+00
  -6.1012693e+00
   2.6938078e-01
   6.2934622e+00
   5.5282868e+00
  -1.0730909e+00
  -5.5915043e+00
  -2.8399178e+00
   2.6828265e+00
   3.3073712e+00
  -7.5795349e-01
  -2.6863748e+00
   1.0702013e-02
   2.5126547e+00
   1.0069552e+00
  -2.0840566e+00
  -2.6424209e+00
  -1.5772250e-01
   2.8315946e+00
   3.4556154e+00
   3.9911791e-01
  -4.0456701e+00
  -4.6396216e+00
   4.7062264e-01
   5.4098879e+00
   3.4509633e+00
  -2.7763778e+00
  -4.2755552e+00
   7.9181924e-01
   4.0324070e+00
   4.9165607e-02
  -4.7923487e+00
  -2.5601987e+00
   3.4735273e+00
   4.4053997e+00
   5.0306031e-02
  -1.8994509e+00
   4.2741770e-01
   5.5678231e-01
  -3.7306738e+00
  -5.2382942e+00
   7.3124016e-01
   7.3990268e+00
   6.0006625e+00
  -1.2651272e+00
  -5.1244552e+00
  -2.8048281e+00
  -4.3794364e-03
  -4.1618337e-01
  -1.0982671e+00
   6.5590622e-01
   2.8401480e+00
   3.2204712e+00
   2.2732786e+00
  -3.4625176e-02
  -4.2868468e+00
  -7.1392909e+00
  -3.5488024e+00
   4.6376472e+00
   8.8068621e+00
   4.6658946e+00
  -2.4832563e+00
  -5.7834483e+00
  -4.6144590e+00
  -1.7906168e+00
   1.5635490e+00
   4.5882378e+00
   4.4737668e+00
   2.0516860e-01
  -4.0242793e+00
  -3.3705034e+00
   9.5469151e-01
   3.1371719e+00
   5.0746553e-01
  -3.2065705e+00
  -2.9246191e+00
   1.3998890e+00
   4.6459105e+00
   2.7032475e+00
  -2.1872149e+00
  -4.0254064e+00
  -9.2380590e-01
   2.4998456e+00
   1.6613940e+00
  -1.8790863e+00
  -2.8007517e+00
   8.0350530e-01
   4.5603738e+00
   2.9815591e+00
  -3.0754354e+00
  -6.3319791e+00
  -1.9619664e+00
   5.3715189e+00
   6.5175751e+00
  -3.8294128e-01
  -6.9470549e+00
  -5.2201192e+00
   2.2744259e+00
   6.7276731e+00
   4.2820046e+00
  -1.5338004e+00
  -5.8429328e+00
  -5.7537348e+00
  -5.6933745e-01
   6.0603269e+00
   7.3429485e+00
   1.4019621e+00
  -5.3539336e+00
  -6.2644697e+00
  -1.7185427e+00
   3.3448049e+00
   4.6651346e+00
   1.0836291e+00
  -3.8503976e+00
  -3.9198390e+00
   1.9846333e+00
   6.5946937e+00
   3.1605872e+00
  -4.7954793e+00
  -7.4418537e+00
  -1.6150946e+00
   4.8010017e+00
   3.5493620e+00
  -2.2942231e+00
  -2.6228677e+00
   4.1472934e+00
   7.4555880e+00
   1.6049300e-01
  -9.7148716e+00
  -9.6371772e+00
   3.0393246e-01
   8.6196995e+00
   7.7527622e+00
   1.1210645e+00
  -3.9254614e+00
  -4.2916440e+00
  -1.7194958e+00
   8.2453166e-01
   1.5736812e+00
   5.0243557e-01
  -8.5634108e-01
  -5.6588596e-01
   1.4876047e+00
   2.7075030e+00
   6.1038295e-01
  -3.2586529e+00
  -4.1917239e+00
  -3.3087701e-01
   4.0347230e+00
   3.6009605e+00
  -6.7537348e-01
  -2.9539246e+00
  -1.0536318e+00
   1.0080227e+00
   3.2487929e-01
  -5.4566946e-01
   5.1393000e-01
   7.3747792e-01
  -1.6032193e+00
  -2.3361534e+00
   1.8115573e+00
   5.9761170e+00
   3.2618348e+00
  -4.5144297e+00
  -8.5387141e+00
  -4.5429427e+00
   2.8185742e+00
   6.9917904e+00
   6.1051736e+00
   2.1594582e+00
  -2.1955616e+00
  -5.0021353e+00
  -5.4133635e+00
  -3.4371904e+00
   6.6928430e-01
   5.3063613e+00
   6.7364031e+00
   2.7346294e+00
  -3.3201300e+00
  -5.6573965e+00
  -3.1423421e+00
   4.5568893e-01
   2.3992856e+00
   2.9495944e+00
   2.0966267e+00
  -7.0537100e-01
  -3.3412785e+00
  -2.4688837e+00
   1.0042950e+00
   2.4181356e+00
   4.2569546e-01
  -1.0456513e+00
   3.9339865e-01
   1.5716847e+00
  -4.2912602e-01
  -2.6814819e+00
  -1.0953706e+00
   2.3507994e+00
   2.4547837e+00
  -8.1873447e-01
  -2.5221622e+00
  -8.0029121e-01
   9.3348531e-01
   4.6011565e-01
  -3.7578608e-02
   1.1636404e+00
   1.9068056e+00
  -5.1144966e-02
  -3.0124247e+00
  -3.3105658e+00
   1.2591772e-01
   4.0888831e+00
   3.8667377e+00
  -1.1874846e+00
  -5.2892634e+00
  -2.6608350e+00
   3.7570758e+00
   5.1549098e+00
  -4.5332254e-01
  -4.8802045e+00
  -2.2627083e+00
   2.2132817e+00
   1.7497749e+00
  -8.4251195e-01
   4.0014044e-01
   2.8771444e+00
   4.7702170e-01
  -4.0879696e+00
  -3.3278966e+00
   1.6497699e+00
   3.1109775e+00
   3.2434556e-03
  -1.4269761e+00
   8.4302835e-01
   2.1826139e+00
   2.5629429e-01
  -1.8503113e+00
  -2.0833509e+00
  -1.9251959e+00
  -1.3099836e+00
   2.0116231e+00
   5.9447326e+00
   4.3032555e+00
  -2.9091379e+00
  -7.0102735e+00
  -3.0482617e+00
   2.5738029e+00
   2.3030906e+00
  -1.2701791e+00
  -7.7184972e-01
   3.8075951e+00
   5.2775025e+00
   2.1713610e-01
  -5.9985941e+00
  -6.4063553e+00
  -1.1614789e+00
   3.5462699e+00
   3.7523613e+00
   1.4552018e+00
   2.0595214e-02
  -1.5416562e-01
  -5.5149458e-02
   5.7287058e-02
  -4.4347973e-01
  -2.3181741e+00
  -3.8607363e+00
  -1.9018553e+00
   3.2187496e+00
   6.5979015e+00
   4.3028360e+00
  -1.8521763e+00
  -6.1585584e+00
  -4.6834844e+00
   1.0120156e+00
   5.2119867e+00
   3.6822980e+00
  -1.8972946e+00
  -5.8944306e+00
  -4.3520492e+00
   1.8625904e+00
   7.6644337e+00
   7.3420408e+00
   1.5418610e-01
  -7.6637867e+00
  -8.8704878e+00
  -2.8805379e+00
   4.2652632e+00
   6.7658655e+00
   4.1650115e+00
   5.3999569e-02
  -2.4664890e+00
  -3.0149456e+00
  -2.3817035e+00
  -8.0319471e-01
   1.1736771e+00
   1.9172054e+00
   7.8741468e-01
  -3.6918767e-01
   1.2324505e-01
   1.0322070e+00
   4.0368802e-01
  -1.0465428e+00
  -1.3731970e+00
  -7.3775829e-01
  -4.4673746e-01
  -1.7196765e-01
   9.9031050e-01
   2.0997956e+00
   1.5397043e+00
  -4.2818249e-01
  -1.9117117e+00
  -1.5701499e+00
  -1.3683069e-02
   7.4011007e-01
  -2.3273344e-01
  -1.0018790e+00
   6.3082386e-01
   3.0581400e+00
   2.4010945e+00
  -1.6565179e+00
  -4.8041941e+00
  -3.4263784e+00
   1.4203055e+00
   5.2955504e+00
   4.3331411e+00
  -8.1612712e-01
  -4.6992024e+00
  -3.2350559e+00
   6.1921295e-01
   1.3305788e+00
  -5.8787163e-01
  -6.7850842e-02
   3.3103982e+00
   4.1680563e+00
   9.0743230e-03
  -4.8027769e+00
  -5.2291423e+00
  -1.3363673e+00
   3.1112196e+00
   4.4223672e+00
   1.4012335e+00
  -2.8699101e+00
  -2.8260529e+00
   2.4628707e+00
   5.9171513e+00
   1.0292679e+00
  -7.6773615e+00
  -8.9255429e+00
   1.2466640e-01
   9.1626695e+00
   8.0524074e+00
  -2.5161118e-01
  -5.1651579e+00
  -3.2799543e+00
  -5.5628539e-01
  -9.7554422e-01
  -1.2746460e+00
   1.3619735e+00
   3.7348000e+00
   2.3695563e+00
  -5.8967097e-01
  -1.4420245e+00
  -8.9998031e-01
  -1.4900114e+00
  -2.1104801e+00
  -2.5713219e-01
   2.4567986e+00
   2.3447675e+00
  -2.3129231e-02
  -8.0254304e-01
   4.1285550e-01
   2.5064204e-01
  -1.7453316e+00
  -1.7025756e+00
   1.3695786e+00
   2.4597390e+00
  -1.3224596e+00
  -4.3073228e+00
  -3.2557474e-01
   6.1310497e+00
   5.2447310e+00
  -2.7977779e+00
  -7.2841258e+00
  -2.8320972e+00
   3.5858889e+00
   4.1646486e+00
   3.5035613e-01
  -2.2640560e+00
  -1.9828453e+00
  -4.2794724e-02
   2.4952955e+00
   3.3750524e+00
   2.9738334e-03
  -5.1073527e+00
  -5.1013104e+00
   1.4279618e+00
   6.6516831e+00
   3.8987630e+00
  -2.8187840e+00
  -4.9033959e+00
  -1.0857928e+00
   2.6320251e+00
   2.4465068e+00
   1.0399136e-01
  -1.8974200e+00
  -2.7677132e+00
  -1.6056964e+00
   1.8471250e+00
   4.6768951e+00
   3.3005848e+00
  -1.3002897e+00
  -4.4246338e+00
  -3.7438080e+00
  -1.0497794e+00
   1.7041899e+00
   3.8158037e+00
   3.6325191e+00
   3.9133762e-02
  -3.8253295e+00
  -3.4480058e+00
   4.2601533e-01
   2.6911601e+00
   1.1516553e+00
  -1.2643589e+00
  -1.3746323e+00
   4.5426165e-01
   1.6204618e+00
   7.2100353e-01
  -7.8939370e-01
  -6.8647315e-01
   4.7476548e-01
   9.8816850e-02
  -1.7015456e+00
  -1.6547142e+00
   1.0375099e+00
   2.6845615e+00
   8.9940932e-01
  -1.3377308e+00
  -3.8057357e-01
   2.0059603e+00
   1.0102969e+00
  -3.5234516e+00
  -5.5613624e+00
  -7.9473291e-01
   6.3544942e+00
   7.2647037e+00
   4.0512887e-01
  -6.2341173e+00
  -5.5926754e+00
  -4.9294894e-02
   3.3062752e+00
   2.0899739e+00
  -1.0497997e-01
   1.8632857e-01
   1.6263233e+00
   1.4355920e-01
  -4.2424658e+00
  -5.0986441e+00
   1.8354957e+00
   9.6298798e+00
   6.9750173e+00
  -5.4161159e+00
  -1.3321948e+01
  -7.0385616e+00
   6.1560301e+00
   1.2008552e+01
   6.3408408e+00
  -2.8835917e+00
  -6.9741346e+00
  -4.7351161e+00
  -3.2123412e-01
   2.4944882e+00
   2.5309178e+00
   5.4439052e-01
  -1.3805848e+00
  -1.1323233e+00
   9.4019097e-01
   1.9770600e+00
   4.9765634e-01
  -1.2814214e+00
  -8.7726552e-01
   4.5581251e-01
  -1.6135621e-01
  -2.1333191e+00
  -1.7889824e+00
   1.6902569e+00
   4.2318961e+00
   2.5267143e+00
  -1.4441117e+00
  -3.7440866e+00
  -3.1687959e+00
  -5.6780893e-01
   2.8446372e+00
   4.5194385e+00
   1.8774396e+00
  -3.2513619e+00
  -5.1394272e+00
  -1.3894147e+00
   3.4566746e+00
   3.9313614e+00
   5.8168631e-01
  -1.9567010e+00
  -1.7396208e+00
  -8.1484733e-01
  -6.4710064e-01
  -9.1650934e-02
   1.4752473e+00
   2.3152384e+00
   1.1205358e+00
  -8.2659297e-01
  -1.7827269e+00
  -1.6733716e+00
  -9.4133343e-01
   3.8081135e-01
   1.4731665e+00
   1.1417886e+00
   1.4009659e-01
   2.6599133e-01
   8.3757876e-01
  -4.0646503e-01
  -2.5668893e+00
  -1.9994249e+00
   1.5136712e+00
   3.3211805e+00
   6.2585011e-01
  -2.9711636e+00
  -2.4608673e+00
   1.5588338e+00
   4.0019875e+00
   1.9793679e+00
  -2.3760682e+00
  -4.8498481e+00
  -3.0327610e+00
   1.7359813e+00
   5.2340601e+00
   4.2952003e+00
   9.5078883e-02
  -3.6804281e+00
  -4.8970557e+00
  -3.3746231e+00
   7.1071977e-01
   5.6006875e+00
   6.8282132e+00
   1.5166827e+00
  -6.3401625e+00
  -8.6230870e+00
  -2.3420009e+00
   6.1680450e+00
   8.0987846e+00
   2.1742196e+00
  -4.4257372e+00
  -5.2586057e+00
  -1.7326737e+00
   9.3492055e-01
   1.5953216e+00
   2.5466349e+00
   3.0377115e+00
  -2.1670788e-01
  -5.3812686e+00
  -5.1558455e+00
   2.4099920e+00
   8.5408540e+00
   4.7114784e+00
  -5.1047680e+00
  -9.4327413e+00
  -3.9791754e+00
   4.5387051e+00
   7.7558528e+00
   4.0684938e+00
  -1.7415795e+00
  -4.2410727e+00
  -2.5393357e+00
  -2.9399874e-01
  -3.2662589e-01
  -8.9541407e-01
   7.6997255e-01
   3.3015649e+00
   3.0084574e+00
  -1.9675289e-01
  -2.5627008e+00
  -2.1579537e+00
  -9.3686557e-01
  -5.3196293e-01
   1.5797952e-01
   1.8370835e+00
   2.7282519e+00
   1.3585457e+00
  -1.1802311e+00
  -2.9846487e+00
  -3.0398086e+00
  -8.0751794e-01
   2.9253289e+00
   4.7023921e+00
   1.6772870e+00
  -3.3069637e+00
  -4.0959673e+00
   1.7133491e-01
   3.1590558e+00
   4.7158945e-01
  -3.3658015e+00
  -1.6057465e+00
   3.7317952e+00
   4.2701753e+00
  -1.3930406e+00
  -4.6873463e+00
  -5.4363952e-01
   4.0485079e+00
   1.2016798e+00
  -4.8603145e+00
  -4.4377492e+00
   2.5172261e+00
   6.9372145e+00
   4.0470455e+00
  -1.7871350e+00
  -4.9038085e+00
  -4.5275112e+00
  -2.5365743e+00
   3.2598696e-01
   4.0840069e+00
   6.9483294e+00
   5.2978063e+00
  -1.8153962e+00
  -8.8084349e+00
  -8.2490061e+00
  -4.6106641e-01
   6.1451818e+00
   5.9448374e+00
   2.0537992e+00
  -5.7329256e-01
  -1.9140754e+00
  -3.2886900e+00
  -2.7167937e+00
   1.0205127e+00
   3.8215719e+00
   1.5391718e+00
  -2.8977091e+00
  -3.3089130e+00
   6.5661690e-01
   3.6095357e+00
   2.4728173e+00
  -3.3644909e-01
  -1.6434322e+00
  -1.5645960e+00
  -1.7282224e+00
  -1.8245973e+00
  -3.3571516e-02
   3.3764171e+00
   4.9163262e+00
   1.8599337e+00
  -3.6036985e+00
  -6.1162005e+00
  -2.9284222e+00
   3.1473428e+00
   6.1984487e+00
   2.6424702e+00
  -4.3919382e+00
  -6.8493195e+00
  -6.6059204e-01
   7.7331488e+00
   7.7091322e+00
  -1.9596555e+00
  -1.0221616e+01
  -7.2507550e+00
   3.0319415e+00
   8.7411317e+00
   5.4100347e+00
  -8.2960626e-01
  -3.8163745e+00
  -3.6991111e+00
  -2.5593431e+00
  -6.2665137e-01
   1.6303214e+00
   2.6813188e+00
   2.3494813e+00
   1.5869346e+00
   1.9060263e-01
  -2.0302960e+00
  -3.1534003e+00
  -1.6154719e+00
   7.7859324e-01
   1.3410800e+00
   2.3691078e-01
  -5.3742999e-01
   1.4826109e-01
   2.0976789e+00
   3.5119565e+00
   1.4020516e+00
  -4.1744060e+00
  -7.5489624e+00
  -3.7333779e+00
   4.0969078e+00
   8.0591479e+00
   5.1363797e+00
  -7.5226821e-01
  -4.7406097e+00
  -5.2817925e+00
  -3.2553348e+00
  -2.1897728e-02
