   2.6896909e-02
  -2.5904652e+00
   1.3802151e-01
   2.8850190e+00
  -1.0853919e+00
  -2.3405031e+00
   2.2997378e+00
   9.6747762e-02
  -2.1593850e+00
   3.0465266e+00
  -4.1995563e-01
  -4.9424105e+00
   4.5700398e+00
   3.9527038e+00
  -7.8600217e+00
  -5.6092320e-01
   8.2639905e+00
  -2.9113924e+00
  -5.8199557e+00
   4.2183449e+00
   2.4318684e+00
  -2.8234811e+00
  -2.5937026e-01
  -1.0270429e-01
   4.2188262e-01
   2.7160603e+00
  -2.7985582e+00
  -3.3219637e+00
   6.2269152e+00
   9.3982938e-01
  -8.7168141e+00
   3.9593883e+00
   8.3082589e+00
  -9.1948521e+00
  -4.5400806e+00
   1.2028374e+01
  -8.6979860e-01
  -1.1134633e+01
   5.1342378e+00
   7.5858881e+00
  -6.4552406e+00
  -3.8510276e+00
   5.1564155e+00
   1.7779011e+00
  -2.9533211e+00
  -1.4777233e+00
   1.2984416e+00
   1.8982899e+00
  -4.2488475e-01
  -2.1657840e+00
  -2.8525619e-01
   2.3744729e+00
   1.1959106e+00
  -3.2001776e+00
  -1.7062245e+00
   4.7148825e+00
   8.3085466e-01
  -5.7551442e+00
   1.3707574e+00
   4.9247929e+00
  -3.3308548e+00
  -2.2731032e+00
   3.4103658e+00
  -5.3793273e-01
  -1.6133978e+00
   1.9361914e+00
  -5.8649058e-01
  -1.8610273e+00
   1.9460860e+00
   1.2755024e+00
  -2.4101148e+00
  -8.4118810e-01
   2.4729041e+00
   6.2468807e-01
  -2.3791395e+00
  -7.0808513e-01
   2.3121472e+00
   1.2305630e+00
  -2.7430370e+00
  -1.7391212e+00
   3.8526423e+00
   1.2695468e+00
  -4.7772723e+00
   4.2502841e-01
   4.2047027e+00
  -2.1278808e+00
  -1.9720592e+00
   2.2400888e+00
  -4.3735060e-01
  -5.3992134e-01
   1.3355039e+00
  -1.5877715e+00
  -4.5911950e-01
   2.6591898e+00
  -1.1156461e+00
  -2.3816875e+00
   2.3325510e+00
   1.3831943e+00
  -2.9549991e+00
  -1.8400121e-01
   3.1555238e+00
  -1.1686550e+00
  -2.8788926e+00
   2.6568643e+00
   1.8809210e+00
  -3.9104621e+00
  -2.0600168e-01
   4.4028243e+00
  -1.6080931e+00
  -3.9338908e+00
   2.8463738e+00
   2.8592866e+00
  -3.1376181e+00
  -1.8289648e+00
   2.6955788e+00
   1.2795416e+00
  -2.0538291e+00
  -1.1911896e+00
   1.5958776e+00
   1.3090034e+00
  -1.3904525e+00
  -1.4473178e+00
   1.3653769e+00
   1.4977634e+00
  -1.4099782e+00
  -1.3278227e+00
   1.2796820e+00
   9.2480365e-01
  -6.6286207e-01
  -6.0966976e-01
  -4.2269091e-01
   8.0742821e-01
   1.4256345e+00
  -1.4661458e+00
  -1.7567925e+00
   1.9527890e+00
   1.4815370e+00
  -1.7486202e+00
  -1.2384880e+00
   1.0808696e+00
   1.4109477e+00
  -6.2010654e-01
  -1.6151222e+00
   6.0261392e-01
   1.1750991e+00
  -4.6114662e-01
  -4.3247591e-02
  -5.6195922e-01
  -9.1699223e-01
   2.4566282e+00
   7.0853139e-01
  -4.2300287e+00
   7.3217887e-01
   4.7985831e+00
  -2.3966765e+00
  -4.0580154e+00
   3.2099738e+00
   2.8792242e+00
  -2.9992560e+00
  -2.0975496e+00
   2.3423809e+00
   1.8334236e+00
  -1.7551115e+00
  -1.8081804e+00
   1.3785280e+00
   1.8319200e+00
  -1.2310982e+00
  -1.7482818e+00
   1.2293489e+00
   1.3666115e+00
  -9.9582399e-01
  -8.9342712e-01
   2.5397477e-01
   1.0747246e+00
   3.8330092e-01
  -2.2278779e+00
   3.3311731e-01
   3.2310816e+00
  -2.6429251e+00
  -2.3428933e+00
   4.8005962e+00
  -6.0609348e-01
  -4.6125593e+00
   3.5214439e+00
   1.9464448e+00
  -4.1370668e+00
   1.0250437e+00
   2.3855884e+00
  -2.1809140e+00
  -1.3671932e-01
   1.3627531e+00
  -1.0082830e+00
   2.1395093e-01
   9.3840603e-01
  -1.6409422e+00
  -2.8217466e-01
   2.8521956e+00
  -6.9563199e-01
  -3.9435820e+00
   2.1805274e+00
   4.6410976e+00
  -4.2817610e+00
  -4.4480765e+00
   6.7426858e+00
   2.9474210e+00
  -8.9134199e+00
  -1.5998429e-02
   9.7990648e+00
  -3.8251631e+00
  -8.5097779e+00
   7.2418642e+00
   5.1207756e+00
  -8.7609224e+00
  -9.6999133e-01
   7.9119853e+00
  -2.2660215e+00
  -5.5436640e+00
   3.8176148e+00
   2.9362745e+00
  -4.0650117e+00
  -8.0369460e-01
   3.7951993e+00
  -8.6196274e-01
  -3.4808635e+00
   2.3490080e+00
   3.1022953e+00
  -3.8008563e+00
  -2.3403503e+00
   4.9901793e+00
   9.5611268e-01
  -5.3765905e+00
   8.1151135e-01
   4.5676210e+00
  -2.2308957e+00
  -2.8432535e+00
   2.6421769e+00
   1.0894029e+00
  -2.0832108e+00
  -7.4738055e-02
   1.2301732e+00
  -1.6219358e-01
  -6.7925109e-01
   1.1919357e-01
   4.3183514e-01
  -1.0507198e-01
  -1.8024976e-01
  -8.9704223e-02
  -6.7123965e-02
   7.5934655e-01
  -1.1651035e-01
  -1.7260009e+00
   1.0592554e+00
   2.3775877e+00
  -2.5413674e+00
  -2.2019979e+00
   3.9034117e+00
   1.2003692e+00
  -4.4975138e+00
   1.3011368e-01
   4.0408053e+00
  -1.0661836e+00
  -2.7608082e+00
   9.9687882e-01
   1.3924949e+00
   1.7390484e-01
  -8.8374766e-01
  -1.7590361e+00
   1.7400792e+00
   2.5901954e+00
  -3.4821109e+00
  -1.9008399e+00
   4.8846739e+00
   2.9084719e-02
  -4.9726450e+00
   1.8369825e+00
   3.8495996e+00
  -2.6917838e+00
  -2.4876595e+00
   2.4924317e+00
   1.7261026e+00
  -1.9308733e+00
  -1.6109059e+00
   1.5897296e+00
   1.6937929e+00
  -1.5138874e+00
  -1.6735520e+00
   1.5081300e+00
   1.5231931e+00
  -1.4700349e+00
  -1.2137073e+00
   1.2792707e+00
   7.2089880e-01
  -6.8921398e-01
  -3.1731147e-01
  -3.2599588e-01
   4.4183939e-01
   1.2740644e+00
  -1.0806566e+00
  -1.5980358e+00
   1.6107554e+00
   1.4096501e+00
  -1.5347948e+00
  -1.4007143e+00
   1.1464467e+00
   1.9698047e+00
  -1.2042147e+00
  -2.7098371e+00
   2.0529766e+00
   2.8373738e+00
  -3.2297535e+00
  -2.0084043e+00
   3.8978808e+00
   6.9244647e-01
  -3.6190354e+00
   2.2252275e-01
   2.7147719e+00
  -1.8937285e-01
  -1.8862220e+00
  -6.5984878e-01
   1.5693532e+00
   1.8720931e+00
  -1.7711372e+00
  -3.1499320e+00
   2.4286022e+00
   4.3346104e+00
  -3.6399040e+00
  -5.0676360e+00
   5.3819625e+00
   4.7697183e+00
  -7.1131307e+00
  -3.1223974e+00
   7.8706837e+00
   5.4128470e-01
  -6.8584750e+00
   1.8507386e+00
   4.0194422e+00
  -2.6927235e+00
  -3.1144289e-01
   1.1126804e+00
  -2.4504065e+00
   2.4134707e+00
   2.5704127e+00
  -5.8216990e+00
  -1.7691232e-02
   6.7917740e+00
  -3.0875303e+00
  -4.9094381e+00
   4.2441364e+00
   2.2174070e+00
  -3.0850785e+00
  -1.0660137e+00
   1.6723171e+00
   1.5251715e+00
  -1.9836733e+00
  -1.5003890e+00
   3.5322035e+00
  -5.4101924e-01
  -4.0048741e+00
   3.6065355e+00
   2.0443379e+00
  -5.2657882e+00
   1.2002100e+00
   4.2735051e+00
  -3.3165191e+00
  -1.7632870e+00
   3.0124854e+00
   7.3982615e-02
  -1.2652310e+00
  -5.6097950e-01
   4.0922147e-01
   2.2660670e+00
  -1.9464001e+00
  -2.6245161e+00
   4.8330460e+00
  -7.2796226e-02
  -6.0484285e+00
   4.5709817e+00
   3.4739905e+00
  -7.3454618e+00
   1.6120438e+00
   5.9741372e+00
  -5.4369170e+00
  -1.7287371e+00
   5.4857403e+00
  -1.7736126e+00
  -2.9209974e+00
   2.4688219e+00
   7.8779339e-01
  -1.6027341e+00
  -3.6148908e-01
   1.3881124e+00
   3.1545961e-01
  -2.0190850e+00
   6.4601922e-01
   2.0375537e+00
  -1.7913603e+00
  -1.0123384e+00
   1.7474351e+00
   3.4653937e-01
  -8.6634096e-01
  -1.1288072e+00
   9.3087739e-01
   2.3313623e+00
  -2.6447908e+00
  -2.0119440e+00
   4.5213170e+00
  -1.7302007e-01
  -4.6828579e+00
   2.5640839e+00
   3.0523831e+00
  -3.5522094e+00
  -1.1612361e+00
   3.2418533e+00
   2.1203150e-01
  -2.8824706e+00
   2.8844206e-02
   3.2740260e+00
  -5.9714202e-01
  -4.0555686e+00
   2.1375227e+00
   4.1926085e+00
  -4.3213817e+00
  -2.8968430e+00
   6.0630927e+00
   3.3230459e-01
  -6.2995928e+00
   2.3194940e+00
   4.9077569e+00
  -3.6756647e+00
  -2.9750310e+00
   3.3488475e+00
   1.9169840e+00
  -2.3314793e+00
  -2.1375368e+00
   1.9749204e+00
   2.6849293e+00
  -2.5578630e+00
  -2.4335935e+00
   3.1237920e+00
   1.4660399e+00
  -2.8685855e+00
  -8.3919234e-01
   2.2694907e+00
   9.5395872e-01
  -2.2933770e+00
  -8.5241482e-01
   2.7153267e+00
  -3.6414722e-01
  -2.0961544e+00
   1.9195270e+00
  -2.3622390e-01
  -2.0196383e+00
   2.8782229e+00
   1.4679772e-01
  -3.7293343e+00
   2.0844006e+00
   2.3802711e+00
  -2.7008158e+00
  -4.4253785e-01
   1.4268320e+00
  -3.4833265e-01
   3.9147573e-01
  -2.9176971e-01
  -1.3929222e+00
   1.4409372e+00
   1.2668566e+00
  -2.1240774e+00
  -5.5169024e-01
   2.0182877e+00
  -1.0957073e-01
  -1.3840357e+00
   4.7677874e-01
   5.7639889e-01
  -6.9304275e-01
   3.5888964e-01
   8.6709535e-01
  -1.5947061e+00
  -7.6804249e-01
   3.0536890e+00
   7.2624579e-02
  -4.2109884e+00
   1.1131770e+00
   4.5246241e+00
  -2.1871014e+00
  -4.0012204e+00
   2.5958803e+00
   3.1879929e+00
  -2.3282657e+00
  -2.6249263e+00
   1.7986535e+00
   2.4347359e+00
  -1.3757612e+00
  -2.4140138e+00
   1.1323087e+00
   2.3217001e+00
  -9.2183165e-01
  -2.0348166e+00
   5.1468053e-01
   1.6404702e+00
   2.5268024e-01
  -1.4990902e+00
  -1.1997542e+00
   1.9869339e+00
   1.6791356e+00
  -2.9022825e+00
  -1.1005302e+00
   3.2798924e+00
  -1.7911577e-01
  -2.2595667e+00
   7.7714478e-01
   2.8664029e-01
   4.2774661e-01
   9.4001235e-01
  -2.9161887e+00
  -7.6669163e-02
   4.8137052e+00
  -2.4357686e+00
  -4.6813464e+00
   4.8020123e+00
   2.8068651e+00
  -5.6346346e+00
  -6.6488807e-01
   5.0773771e+00
  -6.6267698e-01
  -4.2561270e+00
   1.3742827e+00
   3.8659657e+00
  -2.3601499e+00
  -3.4381644e+00
   3.8863728e+00
   2.0318068e+00
  -5.0167900e+00
   3.9153978e-01
   4.5410102e+00
  -2.5199577e+00
  -2.4953104e+00
   2.9315513e+00
   4.1723108e-01
  -1.7353552e+00
   2.0612712e-01
   5.8892046e-01
   4.2255803e-01
  -9.3764219e-01
  -6.0566101e-01
   2.4372310e+00
  -1.0226617e+00
  -3.2368010e+00
   3.9730790e+00
   1.7877006e+00
  -6.1929426e+00
   1.5880217e+00
   5.8947956e+00
  -4.8580678e+00
  -3.2183046e+00
   6.0760508e+00
   1.2483119e-01
  -5.1358476e+00
   1.4487019e+00
   3.7006380e+00
  -1.3517700e+00
  -3.3297131e+00
   1.0399914e+00
   3.8535087e+00
  -1.7065596e+00
  -3.8172940e+00
   2.9308667e+00
   2.3689887e+00
  -3.3673182e+00
  -2.6647894e-01
   2.4530500e+00
  -1.1224022e+00
  -9.5085226e-01
   1.3720545e+00
  -1.6642547e-01
  -1.1009779e+00
   7.8442313e-01
   8.0123477e-01
  -1.2756390e+00
  -2.5545694e-01
   1.4947875e+00
  -7.1988311e-01
  -7.6192490e-01
   1.4457554e+00
  -1.0736384e+00
  -7.8224182e-01
   2.9219823e+00
  -1.5490044e+00
  -3.1690109e+00
   4.2575066e+00
   1.2596217e+00
  -5.4126798e+00
   1.5343335e+00
   4.2479094e+00
  -3.1791179e+00
  -1.9160484e+00
   2.7859093e+00
   2.8391138e-01
  -1.2821126e+00
  -1.1241704e-01
   1.9520369e-01
   6.2576923e-01
  -8.8670336e-02
  -6.7498010e-01
   3.0250162e-01
  -1.6659694e-02
   5.1873919e-02
   7.4444868e-01
  -1.0646598e+00
  -7.4425636e-01
   1.9936344e+00
   9.9788130e-02
  -2.2180386e+00
   4.1098110e-01
   2.0399562e+00
  -3.9629775e-01
  -2.2230316e+00
   4.2707050e-01
   2.7942745e+00
  -1.1849653e+00
  -2.8261590e+00
   2.2615670e+00
   1.6965813e+00
  -2.3914994e+00
  -1.7951096e-01
   1.0283128e+00
  -2.4278977e-01
   7.8971014e-01
  -9.1297205e-01
  -1.5042280e+00
   2.5974310e+00
   6.7877262e-01
  -3.4752155e+00
   8.0452648e-01
   3.2304201e+00
  -1.9385971e+00
  -2.4436494e+00
   2.4636192e+00
   1.6583077e+00
  -2.6234426e+00
  -9.8544383e-01
   2.6125222e+00
   3.7392908e-01
  -2.4694783e+00
   1.8405950e-01
   2.2055753e+00
  -7.1623714e-01
  -1.8052120e+00
   1.2671074e+00
   1.2018728e+00
  -1.7593674e+00
  -3.9019839e-01
   1.9604856e+00
  -4.2919399e-01
  -1.6695393e+00
   8.4945581e-01
   9.9476055e-01
  -4.7948485e-01
  -4.6040932e-01
  -6.9322679e-01
   7.4110473e-01
   2.0757545e+00
  -2.1108953e+00
  -2.7017730e+00
   4.0441991e+00
   1.9183953e+00
  -5.4503483e+00
   2.5410498e-02
   5.4814259e+00
  -2.1234047e+00
  -4.1647103e+00
   3.3778184e+00
   2.2557441e+00
  -3.3980676e+00
  -6.3116483e-01
   2.4116452e+00
  -1.0190205e-01
  -1.0321857e+00
  -2.5479697e-01
   5.9664993e-02
   1.3051434e+00
  -5.1400191e-02
  -2.1329869e+00
   7.4113265e-01
   2.0763394e+00
  -1.1748734e+00
  -1.5173739e+00
   8.2788180e-01
   1.4537050e+00
  -3.6104220e-01
  -2.1233522e+00
   7.8277140e-01
   2.5278283e+00
  -1.9735913e+00
  -1.6790500e+00
   2.6279116e+00
  -2.5880014e-02
  -1.8333775e+00
   1.2069309e+00
   2.2851754e-01
  -1.2215088e+00
   8.3646477e-01
   9.2741331e-01
  -1.0483167e+00
  -1.4443298e+00
   1.4440536e+00
   2.5706507e+00
  -2.8837113e+00
  -2.9970652e+00
   4.7896130e+00
   1.9793285e+00
  -5.8103423e+00
  -2.1307429e-01
   5.4107994e+00
  -1.0779399e+00
  -4.3550852e+00
   1.5004119e+00
   3.7111191e+00
  -1.7313714e+00
  -3.7050992e+00
   2.6212149e+00
   3.5830050e+00
  -4.2147203e+00
  -2.4468087e+00
   5.5626352e+00
   2.4907922e-01
  -5.4682390e+00
   1.8936628e+00
   3.6495066e+00
  -2.4568264e+00
  -1.3346123e+00
   9.3294382e-01
   4.3617265e-01
   1.3699541e+00
  -1.7244152e+00
  -2.3229320e+00
   3.8870909e+00
   1.0585805e+00
  -4.7812501e+00
   1.1634004e+00
   3.6329277e+00
  -2.3955881e+00
  -1.6794263e+00
   2.0789296e+00
   5.9393786e-01
  -1.3986456e+00
  -6.0834858e-01
   1.6673516e+00
   4.4117884e-01
  -2.6715585e+00
   9.9178283e-01
   2.8614924e+00
  -3.0740989e+00
  -1.2039270e+00
   3.9701430e+00
  -1.4012496e+00
  -2.6297339e+00
   2.8428291e+00
   3.0612211e-02
  -1.8906661e+00
   1.7511915e+00
  -6.8404600e-01
  -1.5147370e+00
   3.0348712e+00
  -2.0237490e-01
  -3.9601015e+00
   2.0064300e+00
   3.6167023e+00
  -3.0075363e+00
  -2.8778509e+00
   3.2814185e+00
   2.3701543e+00
  -3.3722839e+00
  -2.1168962e+00
   3.6449366e+00
   1.8054422e+00
  -4.0371397e+00
  -1.2575138e+00
   4.2774824e+00
   6.6812793e-01
  -4.3621733e+00
  -2.7040977e-01
   4.6920806e+00
  -2.5430154e-01
  -5.4268995e+00
   1.6217652e+00
   5.8398316e+00
  -3.8967029e+00
  -4.8744034e+00
   5.9512906e+00
   2.4528230e+00
  -6.4273566e+00
   2.0775172e-01
   5.1211488e+00
  -1.7586537e+00
  -3.0724719e+00
   1.8840627e+00
   1.3877543e+00
  -1.1263875e+00
  -4.2320603e-01
  -5.6089411e-02
