  -6.5010277e-03
   7.9388151e-01
  -2.3809866e-01
  -4.1684841e-01
   2.0193605e-02
   2.1550199e-01
   3.8000444e-01
  -4.2399682e-01
  -2.8446566e-01
   3.8363208e-01
  -2.2185859e-01
   5.9539284e-01
   6.0536159e-02
  -1.9710376e+00
   1.5271796e+00
   2.1297114e+00
  -3.6441932e+00
  -1.3943819e-01
   4.2354650e+00
  -2.8525391e+00
  -2.1993241e+00
   4.4054928e+00
  -1.1711866e+00
  -3.1697688e+00
   3.1695146e+00
   3.6328379e-01
  -2.1828854e+00
   1.2408967e+00
  -8.0353622e-01
   2.3175443e-01
   3.0654442e+00
  -4.1648160e+00
  -2.4306343e+00
   7.9972325e+00
  -1.0236687e+00
  -9.3100428e+00
   5.2439146e+00
   7.5827112e+00
  -7.9978778e+00
  -4.1514172e+00
   8.3831830e+00
   7.9454518e-01
  -6.8991549e+00
   1.4585379e+00
   4.5737434e+00
  -2.4684609e+00
  -2.1871088e+00
   2.4634646e+00
   1.1540247e-01
  -1.6019296e+00
   1.3556910e+00
   4.2822160e-02
  -1.8408149e+00
   1.7203592e+00
   1.1580610e+00
  -2.9028746e+00
   2.8411386e-01
   2.9857146e+00
  -1.6498643e+00
  -2.1591287e+00
   2.3045563e+00
   1.1382109e+00
  -2.2651680e+00
  -5.6274956e-01
   2.1001842e+00
   4.9894583e-01
  -2.3882053e+00
  -4.0138406e-01
   3.1112469e+00
  -3.4918253e-01
  -3.5309264e+00
   1.6964505e+00
   2.8519176e+00
  -2.7506656e+00
  -1.1278239e+00
   2.5700892e+00
  -6.1735182e-01
  -1.1200236e+00
   1.2834206e+00
  -6.5107304e-01
  -6.4192751e-01
   1.6526326e+00
  -6.1113565e-01
  -1.4550143e+00
   1.5299812e+00
   3.8674417e-01
  -1.5182825e+00
   8.2389605e-01
   5.2661025e-01
  -1.4111430e+00
   9.3047474e-01
   9.4178001e-01
  -1.9367284e+00
   2.8844307e-01
   1.7717804e+00
  -1.2927538e+00
  -6.3258982e-01
   1.1851275e+00
  -3.8939420e-01
  -8.1700921e-02
   2.8819823e-01
  -9.3696361e-01
   9.0633176e-01
   8.4226027e-01
  -2.2295318e+00
   4.6716432e-01
   2.6932686e+00
  -2.2510069e+00
  -1.9682933e+00
   3.5857279e+00
   4.1431664e-01
  -3.8764374e+00
   1.1932651e+00
   3.1484324e+00
  -2.0865498e+00
  -2.1586404e+00
   2.1813590e+00
   1.8568276e+00
  -2.4312478e+00
  -2.2211931e+00
   3.9325486e+00
   1.8545088e+00
  -6.3219204e+00
   5.7875779e-01
   7.5354488e+00
  -4.4140588e+00
  -5.7722641e+00
   7.0487603e+00
   1.6839142e+00
  -6.3492287e+00
   1.8318741e+00
   2.9307951e+00
  -2.3473991e+00
   2.5778950e-01
   3.3821006e-01
  -8.4458265e-01
   1.4376506e+00
  -6.6136298e-01
  -9.9131083e-01
   1.7931890e+00
  -9.5685043e-01
  -1.0413748e+00
   2.2490231e+00
  -7.9505178e-01
  -1.8598327e+00
   2.0679072e+00
   5.8211861e-01
  -2.2514188e+00
   5.0186451e-01
   1.9942241e+00
  -1.3266160e+00
  -1.7197076e+00
   2.3405110e+00
   1.0059541e+00
  -3.3384002e+00
   5.2181656e-01
   3.4798446e+00
  -2.3168891e+00
  -2.3882143e+00
   3.3667334e+00
   6.8990624e-01
  -3.2681255e+00
   6.7382322e-01
   2.5031398e+00
  -1.3506646e+00
  -1.7616785e+00
   1.6602346e+00
   1.2706305e+00
  -1.9742197e+00
  -8.3994692e-01
   2.2329022e+00
   4.4053650e-01
  -2.1921476e+00
  -5.2548007e-01
   2.1182110e+00
   1.5124369e+00
  -2.9689457e+00
  -2.8563366e+00
   5.4977112e+00
   2.9366718e+00
  -8.9969962e+00
  -3.8347879e-01
   1.1206130e+01
  -4.2156540e+00
  -1.0048862e+01
   8.2156233e+00
   5.7719625e+00
  -9.0552902e+00
  -1.0676059e+00
   6.6469234e+00
  -1.3152696e+00
  -3.3634188e+00
   1.0059680e+00
   1.5776657e+00
   1.3769184e-01
  -1.4962579e+00
  -3.9686252e-01
   1.5531440e+00
   7.0490336e-03
  -6.5787707e-01
  -5.1271886e-01
  -3.4497624e-01
   2.5491343e+00
  -3.5444196e-01
  -4.6426239e+00
   3.2024096e+00
   4.5406398e+00
  -6.2825279e+00
  -1.7494760e+00
   7.0312326e+00
  -1.6209549e+00
  -4.9458410e+00
   2.9109454e+00
   2.1619511e+00
  -1.6798990e+00
  -1.1074872e+00
  -3.1285882e-02
   1.9413412e+00
   2.1685723e-01
  -2.7480020e+00
   8.9741924e-01
   2.0538606e+00
  -1.5145840e+00
  -4.8011435e-01
   6.5527809e-01
  -3.0816069e-01
   7.9877344e-01
  -2.8832584e-01
  -1.4192416e+00
   1.3062749e+00
   9.1890599e-01
  -1.5956139e+00
  -1.9067863e-01
   1.0683576e+00
   6.5788387e-02
  -4.6867778e-01
  -5.0405994e-01
   3.5492553e-01
   9.3329165e-01
  -6.1996022e-01
  -9.9511221e-01
   8.5065208e-01
   8.0666761e-01
  -8.5950504e-01
  -6.6601584e-01
   8.0834565e-01
   6.8216249e-01
  -9.6263536e-01
  -6.7597158e-01
   1.4046220e+00
   3.4672559e-01
  -1.9027627e+00
   4.3713441e-01
   2.0172437e+00
  -1.4068153e+00
  -1.4559260e+00
   1.9807378e+00
   4.3145721e-01
  -1.7428054e+00
   4.1665972e-01
   8.9109689e-01
  -5.9941564e-01
  -8.3814471e-02
   2.6720717e-01
  -2.6211526e-01
   2.6431556e-02
   4.0958839e-01
  -7.1577351e-02
  -8.7746394e-01
   2.9396490e-01
   1.6626160e+00
  -1.1484321e+00
  -2.1672832e+00
   2.4206854e+00
   1.9755550e+00
  -3.4346148e+00
  -1.4073095e+00
   3.9038414e+00
   1.0457734e+00
  -4.2289454e+00
  -9.0229651e-01
   4.8100821e+00
   4.2939369e-01
  -5.3476250e+00
   6.1399251e-01
   5.1359810e+00
  -1.6537450e+00
  -3.9768482e+00
   1.8490036e+00
   2.5097833e+00
  -9.6861676e-01
  -1.5906892e+00
  -4.6370670e-01
   1.5708690e+00
   1.7414851e+00
  -2.2452709e+00
  -2.4477492e+00
   3.2177130e+00
   2.4829621e+00
  -4.1256987e+00
  -1.9770274e+00
   4.7363936e+00
   1.2070363e+00
  -5.0544992e+00
  -3.3698578e-01
   5.1729701e+00
  -7.4456307e-01
  -4.8727955e+00
   2.0214540e+00
   3.7088098e+00
  -2.8839144e+00
  -1.8121295e+00
   2.6288021e+00
   2.1710141e-01
  -1.5434622e+00
   2.0964439e-01
   8.4607756e-01
   2.8181328e-02
  -1.1345463e+00
   3.4828576e-01
   1.4252994e+00
  -1.5093427e+00
  -4.1323763e-01
   1.9758021e+00
  -1.5319540e+00
  -4.5300897e-01
   2.4215064e+00
  -2.2589283e+00
  -9.1715177e-01
   3.8686476e+00
  -2.0293512e+00
  -3.0009610e+00
   4.1770312e+00
   4.4674435e-01
  -4.2344318e+00
   1.9580709e+00
   2.7050625e+00
  -3.1213180e+00
  -8.5618287e-01
   3.1863381e+00
  -5.4112881e-01
  -2.7463510e+00
   1.3890479e+00
   2.1310567e+00
  -1.7035626e+00
  -1.5208210e+00
   1.4058818e+00
   1.3113375e+00
  -7.2881259e-01
  -1.8599062e+00
   4.0172259e-01
   2.8175690e+00
  -9.7263543e-01
  -3.1610455e+00
   1.9604631e+00
   2.3098881e+00
  -2.1468924e+00
  -1.0765601e+00
   1.0289653e+00
   9.8631442e-01
   2.9613525e-01
  -2.4756867e+00
  -1.7414385e-01
   4.1741361e+00
  -1.6970746e+00
  -4.3124919e+00
   3.8163879e+00
   2.6258047e+00
  -4.4452611e+00
  -5.5443585e-01
   3.3255529e+00
  -3.1182343e-01
  -1.7119587e+00
  -2.9101574e-01
   9.4663734e-01
   1.3631015e+00
  -1.2323245e+00
  -1.9496088e+00
   1.7997121e+00
   2.1892120e+00
  -2.1562766e+00
  -2.9236781e+00
   2.9382034e+00
   4.2777162e+00
  -5.1928273e+00
  -4.9473293e+00
   8.7426682e+00
   3.3112587e+00
  -1.1639524e+01
   6.7783630e-01
   1.1659518e+01
  -4.9633801e+00
  -8.4227700e+00
   6.9882064e+00
   3.8816776e+00
  -5.8901502e+00
  -6.2335997e-01
   3.0646778e+00
  -2.3678530e-01
  -6.7836122e-01
  -4.5052336e-01
  -1.4724329e-01
   1.0617566e+00
  -1.3992058e-01
  -6.4400992e-01
   2.9010118e-01
  -5.0323553e-01
   5.8894599e-01
   1.2620850e+00
  -2.2979578e+00
  -7.2700395e-01
   3.7295757e+00
  -9.5721146e-01
  -3.8552024e+00
   2.7022348e+00
   2.6415592e+00
  -3.4402032e+00
  -1.0105331e+00
   2.9821984e+00
  -5.6707110e-02
  -1.9715038e+00
   2.9143504e-01
   1.1181529e+00
  -4.9892199e-02
  -6.1675291e-01
  -3.4578975e-01
   3.5208789e-01
   9.3176871e-01
  -4.7570554e-01
  -1.6912859e+00
   1.4379532e+00
   2.0351181e+00
  -3.2866133e+00
  -1.0370167e+00
   5.0663048e+00
  -1.5984416e+00
  -5.2131519e+00
   4.8166563e+00
   2.8461552e+00
  -6.6564542e+00
   1.2056648e+00
   5.6800090e+00
  -4.7497164e+00
  -2.1757011e+00
   5.7714787e+00
  -1.9495078e+00
  -3.8577918e+00
   4.4936272e+00
   3.9502905e-01
  -4.4213137e+00
   2.4816750e+00
   2.4076388e+00
  -3.3407183e+00
  -1.6668488e-01
   2.2771276e+00
  -8.7386466e-01
  -5.5932588e-01
   5.3634460e-01
  -5.7959953e-01
   2.9291265e-01
   9.2636926e-01
  -8.0695531e-01
  -1.0564271e+00
   1.0720998e+00
   1.2536898e+00
  -1.4852104e+00
  -1.1492449e+00
   1.8243935e+00
   6.0270724e-01
  -1.5343896e+00
  -2.7700342e-01
   8.5703164e-01
   7.2157592e-01
  -8.0020270e-01
  -1.3167069e+00
   1.6743638e+00
   9.6791426e-01
  -2.4100039e+00
   2.4983850e-01
   1.9338248e+00
  -1.0295269e+00
  -7.1069097e-01
   6.4210109e-01
   1.0105792e-01
   8.1524115e-03
  -3.7580071e-01
   2.8436214e-01
   2.9197907e-01
  -1.1873689e+00
   1.1070601e+00
   1.1397369e+00
  -2.9974417e+00
   5.8422507e-01
   3.6382349e+00
  -2.8369326e+00
  -2.4094734e+00
   3.8793218e+00
   4.0978900e-01
  -3.2321777e+00
   9.7060330e-01
   1.8186350e+00
  -1.5145881e+00
  -5.0028032e-01
   1.8866574e+00
  -9.0358166e-01
  -2.2612425e+00
   2.9144814e+00
   1.8903727e+00
  -5.1764587e+00
  -1.6342116e-01
   6.4815025e+00
  -2.3691942e+00
  -5.9718624e+00
   4.3432044e+00
   3.9748033e+00
  -4.7427392e+00
  -1.6878238e+00
   3.6012755e+00
   2.6983486e-01
  -1.8509082e+00
  -7.5713438e-02
   5.9765398e-01
   4.8803622e-01
  -2.6324688e-01
  -5.6588750e-01
   3.0302335e-01
   3.6591947e-02
   7.2828667e-02
   4.4197897e-01
  -8.6784342e-01
  -1.6727684e-01
   1.2233848e+00
  -5.8875020e-01
  -5.0933424e-01
   7.6246706e-01
  -7.4794287e-01
   2.5709740e-01
   1.3210182e+00
  -1.8596776e+00
  -5.8207379e-01
   2.8390802e+00
  -9.0809817e-01
  -2.5906676e+00
   2.0702674e+00
   1.5305664e+00
  -2.2957566e+00
  -5.2003699e-01
   1.7420450e+00
   1.6158623e-01
  -9.7958495e-01
  -5.7657104e-01
   6.0085452e-01
   1.4682857e+00
  -9.8655954e-01
  -2.2246658e+00
   2.0675081e+00
   2.2211148e+00
  -3.2299848e+00
  -1.3251277e+00
   3.6993010e+00
   9.7209933e-02
  -3.1974243e+00
   6.7098055e-01
   2.1736489e+00
  -6.5846509e-01
  -1.3111858e+00
   1.9966844e-01
   8.4945942e-01
   2.1971922e-01
  -4.7184295e-01
  -5.6278225e-01
  -1.2888329e-01
   1.2321866e+00
   6.8365088e-01
  -2.4128568e+00
  -5.3968284e-01
   3.5645442e+00
  -5.0914312e-01
  -3.8141053e+00
   1.7739194e+00
   2.8896489e+00
  -2.2497220e+00
  -1.4942763e+00
   1.6069554e+00
   6.6174712e-01
  -4.9460613e-01
  -7.8608126e-01
  -1.5231082e-01
   1.3494509e+00
   4.4151609e-02
  -1.6172935e+00
   3.1579342e-01
   1.4694935e+00
  -4.1348192e-01
  -1.3355659e+00
   3.9348236e-01
   1.3691895e+00
  -6.7462053e-01
  -1.1114465e+00
   1.0990573e+00
   2.1492678e-01
  -9.5440121e-01
   8.2614596e-01
  -9.8446767e-02
  -1.0371744e+00
   1.4777545e+00
  -5.7952135e-02
  -2.1518586e+00
   1.9968029e+00
   1.4709304e+00
  -3.7531748e+00
   4.1386454e-01
   4.4078477e+00
  -2.6924588e+00
  -3.6298095e+00
   4.3715909e+00
   1.7705366e+00
  -4.7674302e+00
   3.8244348e-01
   3.7683897e+00
  -1.9741930e+00
  -1.8474033e+00
   2.4297320e+00
  -1.0306911e-01
  -1.7742817e+00
   1.1808444e+00
   7.3274868e-01
  -1.0863654e+00
  -2.6525571e-01
   4.2399325e-01
   7.0911651e-01
  -1.6192592e-01
  -1.3995847e+00
   6.0780993e-01
   1.3799503e+00
  -1.0512589e+00
  -5.5317596e-01
   6.5331970e-01
  -1.1878265e-01
   3.7115029e-01
  -2.0940197e-01
  -8.1062804e-01
   1.0482417e+00
  -1.0728913e-01
  -9.3168731e-01
   1.5817579e+00
  -8.6498070e-01
  -1.9271882e+00
   3.2563233e+00
   4.5436964e-01
  -4.3271581e+00
   1.6255772e+00
   3.3545875e+00
  -2.4144610e+00
  -1.5592127e+00
   1.3198999e+00
   7.2771247e-01
   4.6008097e-01
  -1.3799766e+00
  -1.3945824e+00
   2.5927845e+00
   1.1053115e+00
  -3.3611393e+00
  -2.2212590e-01
   3.5568886e+00
  -7.3536775e-01
  -3.5119428e+00
   1.8009606e+00
   3.2194120e+00
  -3.0176207e+00
  -2.3321233e+00
   3.9352259e+00
   8.3581115e-01
  -3.9154987e+00
   5.7843059e-01
   2.8926050e+00
  -1.0094494e+00
  -1.6436589e+00
   1.8579204e-01
   1.2186499e+00
   1.2839621e+00
  -2.2064818e+00
  -2.3314215e+00
   4.4591982e+00
   1.9123152e+00
  -7.0564760e+00
   5.2085807e-01
   8.4158984e+00
  -4.3431215e+00
  -7.1239248e+00
   7.5940746e+00
   3.3134767e+00
  -8.2399651e+00
   9.8815078e-01
   6.0062765e+00
  -3.4510885e+00
  -2.6735822e+00
   3.4507242e+00
   3.2322967e-01
  -2.2404649e+00
   4.7568239e-01
   1.2783346e+00
  -5.9028483e-01
  -8.4651962e-01
   8.5124769e-01
   3.7202148e-01
  -1.1576628e+00
   4.1199702e-01
   9.8659483e-01
  -1.0570565e+00
  -2.9302303e-01
   1.0153365e+00
  -3.7636506e-01
  -2.9252223e-01
   4.7223673e-01
  -5.8601689e-01
   1.0177763e-01
   1.0294106e+00
  -1.0046973e+00
  -7.1912677e-01
   1.6482429e+00
  -2.2517762e-01
  -1.4372130e+00
   1.1567317e+00
   2.2552353e-01
  -1.1650005e+00
   1.2849831e+00
  -1.5363091e-01
  -1.8968457e+00
   2.0943324e+00
   1.0259036e+00
  -3.3384383e+00
   6.0719464e-01
   3.2748603e+00
  -1.7251734e+00
  -2.5787663e+00
   1.8941888e+00
   2.2272880e+00
  -1.7410241e+00
  -2.3269783e+00
   1.7805443e+00
   2.4453269e+00
  -1.7507559e+00
  -2.7612285e+00
   1.5317993e+00
   3.9585278e+00
  -2.0624885e+00
  -5.7657878e+00
   4.4130781e+00
   6.3911771e+00
  -7.9355013e+00
  -4.1784269e+00
   1.0109176e+01
  -2.0352014e-01
  -8.8094005e+00
   3.8235018e+00
   4.6496772e+00
  -4.1615635e+00
  -6.4126964e-01
   1.5439052e+00
  -6.2473372e-01
   1.3737748e+00
  -8.0131580e-01
  -2.3103671e+00
   2.8251226e+00
   1.1988921e+00
  -3.6340013e+00
   4.1735425e-01
   3.1522324e+00
  -1.2697131e+00
  -2.4933791e+00
   1.4672383e+00
   2.4039292e+00
  -1.9253336e+00
  -2.4482935e+00
   2.9918848e+00
   1.6953028e+00
  -3.8875688e+00
   1.1929836e-02
   3.5662166e+00
  -1.7136377e+00
  -1.9520174e+00
   2.3089985e+00
   1.0077862e-01
  -1.7073140e+00
   8.9924814e-01
   8.0714684e-01
  -9.5694351e-01
  -4.0048550e-01
   7.2048519e-01
   4.5402190e-01
  -5.6983910e-01
  -5.7807442e-01
   3.4202869e-01
   7.4742360e-01
   3.7893635e-02
  -1.1542250e+00
  -2.4198559e-01
   1.6206499e+00
   4.8888533e-02
