  -2.0447199e-02
   3.0531252e+00
  -6.4146520e-01
  -2.5180817e+00
   7.7134345e-01
   2.1311654e+00
  -6.7455310e-01
  -2.3662741e+00
   1.2815475e+00
   2.6400511e+00
  -2.9674851e+00
  -1.7782238e+00
   4.8318881e+00
  -6.7471471e-01
  -5.3449261e+00
   3.7393093e+00
   3.7402062e+00
  -5.6760168e+00
  -7.3945226e-01
   5.3415839e+00
  -1.9801052e+00
  -2.9791355e+00
   2.9221722e+00
  -9.2554501e-04
  -1.6351834e+00
   1.8458674e+00
  -1.0216648e+00
  -1.4464172e+00
   3.2833972e+00
  -8.7768573e-01
  -3.6089527e+00
   3.4732852e+00
   1.9149250e+00
  -4.6727442e+00
   3.8612908e-01
   4.2303981e+00
  -1.8284343e+00
  -3.2703651e+00
   2.2426984e+00
   2.8449274e+00
  -2.5197834e+00
  -2.8610111e+00
   3.3019206e+00
   2.4865580e+00
  -4.2460474e+00
  -1.2873641e+00
   4.5437686e+00
  -3.2053676e-01
  -3.8277857e+00
   1.6095011e+00
   2.3633291e+00
  -2.1391981e+00
  -6.2126145e-01
   1.7733822e+00
  -9.4131955e-01
  -5.6359176e-01
   1.8326464e+00
  -1.0861983e+00
  -1.7737670e+00
   2.4556858e+00
   1.0727004e+00
  -3.0697023e+00
  -4.0148391e-01
   3.0972600e+00
   1.0474176e-01
  -2.9815746e+00
   3.2033065e-02
   2.8279440e+00
  -2.7987263e-01
  -2.3916944e+00
   4.9852115e-01
   1.5886717e+00
  -3.3805714e-01
  -7.5241701e-01
  -2.3128410e-01
   3.0140855e-01
   7.9986789e-01
  -2.9002195e-01
  -9.5083979e-01
   4.1311137e-01
   6.6702135e-01
  -4.1738400e-01
  -2.1906909e-01
   3.6954393e-01
  -2.3456516e-01
  -4.6652412e-01
   7.7977212e-01
   7.0332032e-01
  -1.5189988e+00
  -8.4475482e-01
   2.3565075e+00
   6.7574281e-01
  -3.0408712e+00
  -1.8263676e-01
   3.3360574e+00
  -4.7595206e-01
  -3.1187908e+00
   1.0539941e+00
   2.4260754e+00
  -1.2801415e+00
  -1.5316878e+00
   1.0020326e+00
   9.1057312e-01
  -3.7294013e-01
  -9.5566525e-01
  -1.5866960e-01
   1.6476036e+00
   1.4036869e-01
  -2.5266016e+00
   5.4505851e-01
   3.0265552e+00
  -1.6079506e+00
  -2.8365752e+00
   2.5787590e+00
   1.9622063e+00
  -3.0138771e+00
  -6.2060355e-01
   2.5132124e+00
  -6.8132129e-01
  -8.9041619e-01
   1.0758587e+00
  -1.3263411e+00
   1.1886369e-01
   2.7766055e+00
  -2.4361154e+00
  -2.2690057e+00
   4.1778840e+00
   1.4040354e-01
  -3.8508643e+00
   1.7819422e+00
   1.7171269e+00
  -1.9359276e+00
   4.9015753e-01
   5.1494021e-01
  -1.4493624e+00
   1.1185685e+00
   1.3840124e+00
  -2.1845490e+00
  -1.1812797e+00
   3.0471106e+00
   9.9321391e-01
  -4.1155803e+00
  -2.4165884e-01
   4.8884307e+00
  -1.2551943e+00
  -4.4310082e+00
   2.6972190e+00
   2.5188362e+00
  -2.9291792e+00
  -4.9250886e-02
   1.4747524e+00
  -1.5879882e+00
   1.0225190e+00
   1.4916065e+00
  -3.2020018e+00
   1.4611451e-01
   3.8749710e+00
  -2.1730026e+00
  -2.8249276e+00
   3.2967825e+00
   9.3250354e-01
  -3.0077965e+00
   5.3225303e-01
   1.8496895e+00
  -8.7503257e-01
  -8.3337884e-01
   3.7925714e-01
   5.3980949e-01
   1.7134523e-01
  -7.3014536e-01
  -3.4740956e-01
   8.1046015e-01
   3.9617309e-01
  -5.9464282e-01
  -7.3573414e-01
   4.6182479e-01
   1.3458186e+00
  -7.9062014e-01
  -1.8190252e+00
   1.4782105e+00
   1.8945155e+00
  -2.1343931e+00
  -1.7198580e+00
   2.5810110e+00
   1.5353415e+00
  -2.9271207e+00
  -1.2961074e+00
   3.1467361e+00
   8.6906538e-01
  -2.9047042e+00
  -5.4044124e-01
   2.1032315e+00
   8.7656862e-01
  -1.3804843e+00
  -1.8489838e+00
   1.5493861e+00
   2.4816681e+00
  -2.4793409e+00
  -1.8297192e+00
   2.9952427e+00
   2.1283558e-01
  -2.1853994e+00
   9.7798826e-01
   5.5533911e-01
  -8.3833025e-01
   5.2051733e-01
  -5.2715962e-02
  -4.0622887e-01
   4.4984349e-01
  -1.9587226e-01
   8.5535375e-02
   2.9494315e-01
  -9.4942131e-01
   2.5286471e-01
   1.5129277e+00
  -9.3802005e-01
  -1.7962217e+00
   1.5166334e+00
   2.0251573e+00
  -2.2147001e+00
  -2.0268978e+00
   3.1155890e+00
   1.4346269e+00
  -3.8453175e+00
  -2.4848620e-01
   3.9777010e+00
  -1.1275223e+00
  -3.4348379e+00
   2.2641447e+00
   2.4027510e+00
  -2.8917766e+00
  -1.1256306e+00
   2.8616117e+00
  -9.1713104e-02
  -2.2012756e+00
   8.8847449e-01
   1.2203280e+00
  -1.0646453e+00
  -3.9164783e-01
   7.7537038e-01
   2.9527586e-02
  -4.0960926e-01
  -9.1080652e-02
   2.6500038e-01
   2.9076189e-01
  -3.5966233e-01
  -3.6498946e-01
   4.9231399e-01
   2.5302777e-01
  -4.1717181e-01
  -1.2898560e-01
   3.4957540e-02
   2.7093280e-01
   4.7526130e-01
  -7.8278651e-01
  -7.4542264e-01
   1.3866599e+00
   5.6560243e-01
  -1.5863853e+00
  -1.7614948e-01
   1.1601651e+00
   8.8220643e-02
  -4.5906007e-01
  -4.9962221e-01
   4.6299325e-02
   9.9968912e-01
   1.3022640e-02
  -1.0694045e+00
  -3.0179156e-01
   8.5301044e-01
   1.2932777e+00
  -1.1508786e+00
  -2.5504838e+00
   2.4680861e+00
   2.9638219e+00
  -4.2173727e+00
  -1.8842414e+00
   5.1127778e+00
  -1.2584148e-01
  -4.3762617e+00
   1.7794856e+00
   2.4013501e+00
  -2.1855375e+00
  -2.4597271e-01
   1.3611048e+00
  -1.2529197e+00
   1.5582667e-01
   1.7639560e+00
  -1.7906199e+00
  -1.2492779e+00
   2.9858304e+00
  -7.6069013e-02
  -3.2288598e+00
   1.6342694e+00
   2.3819561e+00
  -2.7650175e+00
  -8.0380880e-01
   3.2060320e+00
  -1.1056067e+00
  -2.9742729e+00
   3.1995533e+00
   1.8308401e+00
  -5.0767592e+00
   5.1004442e-01
   5.6965527e+00
  -3.4315443e+00
  -4.2388558e+00
   5.3216718e+00
   1.3158238e+00
  -4.9624607e+00
   1.2776498e+00
   2.7620102e+00
  -2.1678774e+00
  -2.6369974e-01
   1.4328396e+00
  -1.3454891e+00
  -4.3481305e-02
   1.9284533e+00
  -1.2439218e+00
  -1.8801766e+00
   2.2149654e+00
   1.5041742e+00
  -2.8559795e+00
  -1.0010867e+00
   3.2031521e+00
   5.8994987e-01
  -3.4623132e+00
  -3.0174895e-01
   3.8746807e+00
  -1.6716082e-01
  -4.3463015e+00
   1.1365150e+00
   4.3914332e+00
  -2.4782956e+00
  -3.5663598e+00
   3.5727270e+00
   1.9591225e+00
  -3.7994403e+00
  -2.0404077e-01
   3.1025532e+00
  -1.0702441e+00
  -1.9903293e+00
   1.8029893e+00
   9.0273629e-01
  -2.3870520e+00
   2.9906430e-01
   2.9739054e+00
  -2.0437375e+00
  -3.0643520e+00
   4.2755179e+00
   1.9477977e+00
  -6.1257137e+00
   4.4876410e-01
   6.4536366e+00
  -3.2080348e+00
  -4.7442849e+00
   4.8958024e+00
   1.6057538e+00
  -4.4274157e+00
   1.4046340e+00
   1.8321310e+00
  -2.5606730e+00
   1.4550478e+00
   1.1552393e+00
  -3.2914197e+00
   1.6864897e+00
   2.4811027e+00
  -3.6859426e+00
   2.6955844e-02
   3.4281139e+00
  -1.9450789e+00
  -1.7174101e+00
   1.8922368e+00
   6.2994179e-01
  -6.4615384e-01
  -1.2705117e+00
   4.2584084e-02
   2.7804854e+00
  -9.4052803e-01
  -3.5097882e+00
   2.5613071e+00
   2.7324091e+00
  -3.5782891e+00
  -1.0401903e+00
   3.3667825e+00
  -5.4267227e-01
  -2.1753554e+00
   1.3721133e+00
   5.9886804e-01
  -1.2766943e+00
   7.7716846e-01
   4.1225119e-01
  -1.4982831e+00
   7.9247977e-01
   1.4121424e+00
  -1.8315027e+00
  -7.1903959e-01
   2.4088944e+00
  -2.6091090e-01
  -2.4545435e+00
   1.2786095e+00
   1.9509913e+00
  -2.0740280e+00
  -9.6499896e-01
   2.3214586e+00
  -1.5999190e-01
  -1.8909585e+00
   9.0708449e-01
   1.1271602e+00
  -1.0842133e+00
  -5.9666273e-01
   1.0939816e+00
   4.2796810e-01
  -1.4212349e+00
  -1.6124404e-01
   1.8994374e+00
  -5.0301912e-01
  -1.8805396e+00
   1.0871161e+00
   1.2307251e+00
  -9.0684021e-01
  -7.1028640e-01
   1.4261012e-01
   1.0261168e+00
   1.6644304e-01
  -1.7836812e+00
   6.6109403e-01
   1.8074193e+00
  -2.0759712e+00
  -4.5291534e-01
   2.8460383e+00
  -1.7071814e+00
  -2.2686965e+00
   3.4846289e+00
   6.7139195e-01
  -4.0769612e+00
   1.0478543e+00
   3.4664022e+00
  -2.0741886e+00
  -2.2009110e+00
   2.0124112e+00
   1.0365412e+00
  -9.9720169e-01
  -6.0092633e-01
  -3.3846249e-01
   1.0383416e+00
   1.1761495e+00
  -1.8433527e+00
  -1.0662836e+00
   2.1711345e+00
   2.9444748e-01
  -1.4914144e+00
   3.4605921e-01
   8.4946042e-03
  -1.9015729e-01
   1.5305710e+00
  -8.7283753e-01
  -2.3397871e+00
   2.4255484e+00
   1.9362092e+00
  -3.7011674e+00
  -3.5414059e-01
   3.8291190e+00
  -1.6499528e+00
  -2.3999250e+00
   2.8280465e+00
   3.9968088e-02
  -2.3459152e+00
   1.8458570e+00
   5.5505456e-01
  -2.1662829e+00
   1.2867286e+00
   9.5411771e-01
  -2.0260075e+00
   8.2671644e-01
   1.3171894e+00
  -2.0077374e+00
   3.4572304e-01
   1.8039574e+00
  -1.9179335e+00
  -1.8734786e-01
   2.2603776e+00
  -1.9482055e+00
  -8.4784591e-01
   3.1827613e+00
  -1.6810467e+00
  -2.5685243e+00
   3.8564022e+00
   3.9339249e-01
  -4.4871324e+00
   2.1251650e+00
   3.4469322e+00
  -3.8413693e+00
  -1.4330164e+00
   4.2633823e+00
  -7.1539681e-01
  -3.4055921e+00
   2.2728380e+00
   1.6143622e+00
  -2.5997130e+00
   2.7084189e-01
   1.5166312e+00
  -1.0636624e+00
   1.1703295e-01
   1.8776533e-01
  -7.2234496e-01
   1.4287113e+00
  -5.1938833e-01
  -1.9551102e+00
   2.5994723e+00
   5.3396405e-01
  -3.6231067e+00
   1.7633234e+00
   2.8503111e+00
  -3.2305441e+00
  -1.2747198e+00
   3.4106888e+00
   1.0245857e-01
  -3.1252201e+00
   6.3936060e-01
   2.9171763e+00
  -1.5453381e+00
  -2.3451978e+00
   2.4680929e+00
   1.0576071e+00
  -2.5633683e+00
   1.8459580e-01
   1.6937163e+00
  -2.7162477e-01
  -1.0103061e+00
  -6.7098655e-01
   1.6595538e+00
   1.1506694e+00
  -3.2490229e+00
   6.9510792e-03
   4.1464047e+00
  -2.2306249e+00
  -3.3185626e+00
   3.8440777e+00
   1.4183685e+00
  -3.9370717e+00
   1.6085323e-01
   3.0784226e+00
  -8.7535293e-01
  -2.1802128e+00
   1.2006698e+00
   1.3266493e+00
  -1.4590554e+00
  -1.3708286e-01
   1.1979947e+00
  -1.1261105e+00
  -2.7207336e-02
   1.5059013e+00
  -1.3980086e+00
  -5.7238287e-01
   1.8387380e+00
  -7.6141242e-01
  -9.5342199e-01
   1.0937336e+00
  -1.2045482e-01
  -1.3779403e-01
  -5.2702134e-02
  -8.7409317e-01
   1.5892321e+00
   5.0795170e-01
  -3.0961066e+00
   1.3452129e+00
   3.0693289e+00
  -3.3880139e+00
  -1.2872791e+00
   4.1615103e+00
  -1.1328064e+00
  -3.2001541e+00
   2.7444561e+00
   1.2012643e+00
  -2.7743847e+00
   6.0196212e-01
   1.4922564e+00
  -1.2739193e+00
   9.4496631e-02
   7.0572566e-01
  -9.5142588e-01
   4.2374370e-01
   6.5820545e-01
  -1.1566176e+00
   4.0835516e-01
   8.8707185e-01
  -1.4050953e+00
   2.8722348e-01
   1.6157904e+00
  -1.7288154e+00
  -8.6476874e-01
   2.7347493e+00
  -5.0889720e-01
  -2.8695226e+00
   1.8868336e+00
   2.0717824e+00
  -2.5645702e+00
  -7.7464418e-01
   2.0968622e+00
  -1.2116512e-01
  -8.1234081e-01
  -1.3866504e-01
  -2.1005416e-01
   1.3499302e+00
   9.5562957e-02
  -2.4582983e+00
   9.4184022e-01
   2.6677466e+00
  -1.9661080e+00
  -2.1479666e+00
   2.4195134e+00
   1.5045347e+00
  -2.4771113e+00
  -9.5338012e-01
   2.4301955e+00
   3.3270224e-01
  -2.2045511e+00
   3.3278313e-01
   1.6343484e+00
  -6.8810323e-01
  -9.2341184e-01
   5.1354378e-01
   5.5903741e-01
  -1.1404083e-01
  -7.6507535e-01
   7.9227278e-02
   1.1907668e+00
  -6.6061477e-01
  -1.2330168e+00
   1.4581858e+00
   6.8276534e-01
  -1.7903146e+00
  -3.8437288e-02
   1.4504784e+00
   6.5014554e-02
  -1.0674878e+00
  -9.1321485e-01
   1.5257625e+00
   1.7578381e+00
  -2.9407452e+00
  -1.5146247e+00
   4.3559072e+00
  -5.2357102e-02
  -4.5739036e+00
   2.0386788e+00
   3.2359073e+00
  -3.1747839e+00
  -1.0911972e+00
   2.8077881e+00
  -6.1739593e-01
  -1.2928234e+00
   9.9780671e-01
  -2.9250859e-01
  -4.7522804e-02
   8.4223455e-01
  -1.3366463e+00
   4.3629759e-02
   1.9077962e+00
  -1.7470360e+00
  -8.8874542e-01
   2.9826476e+00
  -1.4566109e+00
  -2.5919336e+00
   3.8651476e+00
   3.3616628e-01
  -4.7821824e+00
   2.7872970e+00
   3.4223843e+00
  -5.0763699e+00
  -4.4574788e-01
   5.3032856e+00
  -2.4204395e+00
  -3.6470200e+00
   3.6323528e+00
   1.5384877e+00
  -2.9403729e+00
  -4.7129396e-01
   1.3982501e+00
   8.2482395e-01
  -2.8814264e-01
  -1.8146085e+00
   6.7771734e-02
   2.4640982e+00
  -3.3598721e-01
  -2.3964064e+00
   5.0477439e-01
   1.7911020e+00
  -2.2938519e-01
  -1.0336058e+00
  -5.7161684e-01
   5.6417728e-01
   1.6879080e+00
  -7.0788412e-01
  -2.6248977e+00
   1.3726034e+00
   2.9596590e+00
  -2.0653011e+00
  -2.7592921e+00
   2.3903201e+00
   2.4698097e+00
  -2.4451826e+00
  -2.3559828e+00
   2.6068401e+00
   2.1793445e+00
  -2.9615368e+00
  -1.5009991e+00
   3.0268056e+00
   3.1204779e-01
  -2.1398857e+00
   6.6954680e-01
   2.4755881e-01
  -4.9638940e-01
   1.7200068e+00
  -1.0349521e+00
  -2.5055048e+00
   2.9775282e+00
   1.7166376e+00
  -4.0365847e+00
  -2.2927596e-01
   3.8239900e+00
  -7.7348513e-01
  -3.1236667e+00
   1.0541394e+00
   2.8278840e+00
  -1.3736734e+00
  -2.8341624e+00
   2.3276060e+00
   2.2533089e+00
  -3.4591893e+00
  -6.0857197e-01
   3.7106428e+00
  -1.4897787e+00
  -2.5613456e+00
   2.8962970e+00
   5.4020135e-01
  -2.9469771e+00
   1.2745293e+00
   1.9134714e+00
  -2.1406976e+00
  -6.0281714e-01
   2.1036771e+00
  -4.1074475e-01
  -1.6688503e+00
   1.1209816e+00
   1.1531487e+00
  -1.7087919e+00
  -5.1592862e-01
   2.0761552e+00
  -2.4125815e-01
  -1.9726320e+00
   8.2969454e-01
   1.4427965e+00
  -9.8224107e-01
  -8.4759000e-01
   8.2466350e-01
   3.9949038e-01
  -7.2368689e-01
   1.3360757e-01
   7.4637832e-01
  -1.1000882e+00
  -4.3469822e-01
   2.3268461e+00
  -6.6565302e-01
  -3.0102658e+00
   2.2576931e+00
   2.4816464e+00
  -3.3533991e+00
  -1.0036494e+00
   3.2194697e+00
  -4.4321627e-01
  -2.0718230e+00
   1.1422767e+00
   7.0042938e-01
  -1.1683615e+00
   3.9586535e-01
   9.0790704e-01
  -1.2397854e+00
  -3.9775936e-01
   1.8283904e+00
  -5.1126899e-01
  -1.8215397e+00
   1.5106459e+00
   1.0828929e+00
  -1.9071133e+00
  -2.1371504e-01
   1.4996186e+00
   6.0367482e-02
  -9.8034134e-01
  -7.3305159e-01
   1.1797718e+00
   1.4691915e+00
  -2.1144478e+00
  -1.5222153e+00
   3.0430345e+00
   9.3981640e-01
  -3.3879304e+00
  -3.2209394e-01
   3.3119348e+00
  -2.0710575e-02
