   7.8688353e-03
   2.7971525e-01
  -1.3794300e+00
   5.6355183e-01
   2.1162128e+00
  -1.7327346e+00
  -2.0842616e+00
   2.7326444e+00
   1.5686448e+00
  -3.4677942e+00
  -7.5186316e-01
   4.0164989e+00
  -5.1040996e-01
  -4.0926962e+00
   2.1770975e+00
   3.1173892e+00
  -3.4575268e+00
  -1.1314771e+00
   3.3366716e+00
  -6.9702445e-01
  -1.9212818e+00
   1.1725831e+00
   6.6940093e-01
  -6.6189010e-01
  -6.5098090e-01
   7.4562683e-01
   1.0199176e+00
  -1.9741953e+00
  -1.3157195e-01
   2.8411182e+00
  -1.9670720e+00
  -1.7276999e+00
   3.2461272e+00
  -7.1396299e-01
  -2.2389153e+00
   2.1148048e+00
   2.1286575e-02
  -1.2460951e+00
   1.0544334e+00
  -5.9155039e-01
  -1.4851821e-01
   1.3481670e+00
  -1.3883187e+00
  -6.2537537e-01
   2.0226421e+00
  -3.7250134e-01
  -1.7492596e+00
   7.5177862e-01
   1.4305180e+00
  -7.9309070e-01
  -1.2806482e+00
   9.3262012e-01
   8.2274503e-01
  -8.3109148e-01
  -3.5976013e-02
  -5.4188926e-02
  -2.6386181e-01
   1.4053999e+00
  -6.1014164e-01
  -2.0856711e+00
   2.2380528e+00
   1.2739812e+00
  -3.3344334e+00
   6.4044826e-01
   2.9275730e+00
  -2.3478672e+00
  -1.2454123e+00
   2.7510483e+00
  -5.0385610e-01
  -1.8574271e+00
   1.1746851e+00
   6.9390519e-01
  -6.0940034e-01
  -3.9441180e-01
  -2.9579891e-01
   1.2263403e+00
   4.1811536e-01
  -2.3573123e+00
   5.4296676e-01
   2.6278172e+00
  -1.7345786e+00
  -1.6981817e+00
   1.9445126e+00
   4.4531742e-01
  -8.2040392e-01
  -1.4618868e-01
  -7.2789428e-01
   1.2510849e+00
   1.3653740e+00
  -2.9685718e+00
  -5.4584309e-01
   4.0159876e+00
  -1.0707406e+00
  -3.7500333e+00
   2.3127826e+00
   2.6053139e+00
  -2.5451970e+00
  -1.5178532e+00
   2.0601256e+00
   1.0081658e+00
  -1.5471421e+00
  -8.6622295e-01
   1.3240099e+00
   6.6050953e-01
  -1.1915350e+00
  -3.3469409e-01
   9.5301413e-01
   1.3095845e-01
  -7.7069576e-01
  -8.3938680e-02
   8.6130626e-01
  -8.6193401e-02
  -1.0708364e+00
   5.4209538e-01
   9.8877572e-01
  -1.0200098e+00
  -4.2384438e-01
   1.0400682e+00
  -3.4728877e-01
  -3.4589950e-01
   7.5097254e-01
  -8.2812605e-01
  -3.0465604e-01
   1.8028511e+00
  -1.0014339e+00
  -1.8097922e+00
   2.5271387e+00
   5.4813051e-01
  -3.2571213e+00
   1.3949743e+00
   2.5525640e+00
  -2.7669869e+00
  -8.2698935e-01
   2.6119757e+00
  -6.2673584e-01
  -1.1764832e+00
   7.0500899e-01
  -2.2581512e-01
   4.9437986e-01
   3.6682453e-01
  -1.7459146e+00
   8.0767517e-01
   1.8502781e+00
  -2.2144501e+00
  -7.2734308e-01
   2.7525353e+00
  -6.8192532e-01
  -2.2899009e+00
   1.5020275e+00
   1.4781061e+00
  -1.6602999e+00
  -8.4033242e-01
   1.5272366e+00
   3.8948169e-01
  -1.2280471e+00
  -8.6683012e-02
   6.7607497e-01
   1.8942059e-01
  -9.9783930e-02
  -8.3859039e-01
   2.7436776e-02
   1.6004378e+00
  -6.2498334e-01
  -1.8332319e+00
   1.3965871e+00
   1.4271272e+00
  -1.7474752e+00
  -8.8159258e-01
   1.6582162e+00
   6.3067753e-01
  -1.5918547e+00
  -5.0854999e-01
   1.7840816e+00
   5.9433042e-02
  -1.8767869e+00
   7.1202696e-01
   1.4278335e+00
  -1.2032251e+00
  -6.2650743e-01
   9.3334991e-01
   2.1674762e-01
  -1.9188270e-01
  -6.8805059e-01
  -1.8511062e-01
   1.6935431e+00
  -3.5547234e-01
  -2.3206909e+00
   1.5196924e+00
   1.9344329e+00
  -2.4404793e+00
  -7.4474292e-01
   2.5173257e+00
  -4.9424289e-01
  -1.9205496e+00
   1.2825811e+00
   1.2425367e+00
  -1.7529312e+00
  -7.7962040e-01
   2.2964695e+00
   2.6607380e-01
  -2.9535587e+00
   7.1544769e-01
   3.2487421e+00
  -2.1353659e+00
  -2.6479395e+00
   3.3887874e+00
   1.1503061e+00
  -3.7829800e+00
   6.2133560e-01
   3.1178148e+00
  -1.8982278e+00
  -1.8053112e+00
   2.3109019e+00
   4.9984779e-01
  -2.0391938e+00
   3.8268794e-01
   1.5421947e+00
  -8.7684352e-01
  -1.1651614e+00
   1.3240245e+00
   8.9046557e-01
  -2.0242282e+00
  -3.6511808e-01
   2.8842601e+00
  -7.3783044e-01
  -3.3748427e+00
   2.2588517e+00
   3.0052612e+00
  -3.5470316e+00
  -1.8803148e+00
   4.0657217e+00
   6.0642713e-01
  -3.9072539e+00
   3.8445391e-01
   3.5312486e+00
  -1.1926063e+00
  -3.1052923e+00
   2.0409079e+00
   2.3867432e+00
  -2.7557654e+00
  -1.2722149e+00
   2.9377135e+00
   1.5031097e-01
  -2.5850308e+00
   5.2809174e-01
   2.2132289e+00
  -8.7816080e-01
  -2.2062844e+00
   1.4735520e+00
   2.2641398e+00
  -2.5882119e+00
  -1.7029589e+00
   3.7493901e+00
   2.4687803e-01
  -4.1188102e+00
   1.5804049e+00
   3.2693546e+00
  -2.8361806e+00
  -1.6096108e+00
   2.9409999e+00
   7.0032773e-02
  -2.1616111e+00
   7.0325234e-01
   1.3110220e+00
  -8.9051804e-01
  -8.9165048e-01
   1.1574190e+00
   5.8414509e-01
  -1.7403789e+00
   2.5653654e-01
   2.0584490e+00
  -1.6292263e+00
  -1.4170330e+00
   2.6916820e+00
  -5.3044058e-02
  -2.6622446e+00
   1.4516855e+00
   1.6589807e+00
  -2.0600679e+00
  -4.3458290e-01
   1.9158545e+00
  -4.7566983e-01
  -1.4183042e+00
   1.0179870e+00
   7.7114081e-01
  -1.2114644e+00
  -6.3274365e-02
   9.6000130e-01
  -4.1187528e-01
  -3.8994524e-01
   3.5368868e-01
   1.9284751e-03
   4.4789260e-02
  -1.6885616e-01
  -1.5580872e-01
   6.1863292e-01
  -3.6243852e-01
  -7.2762061e-01
   1.1607488e+00
   2.8221655e-01
  -1.7237418e+00
   4.0580158e-01
   1.9987705e+00
  -1.1441521e+00
  -2.1146207e+00
   2.0781582e+00
   1.7756670e+00
  -3.0102763e+00
  -6.4416586e-01
   3.1301327e+00
  -7.0271962e-01
  -2.0628473e+00
   1.0403594e+00
   7.8292925e-01
  -5.5803097e-02
  -6.8759494e-01
  -1.0282639e+00
   1.8485328e+00
   8.8416142e-01
  -2.8869630e+00
   3.1470829e-01
   2.6827416e+00
  -1.2595542e+00
  -1.5975137e+00
   1.1844687e+00
   7.5835471e-01
  -5.6582611e-01
  -6.7872546e-01
   2.6687340e-01
   9.8744888e-01
  -6.2514898e-01
  -1.0781654e+00
   1.4130476e+00
   5.5432592e-01
  -2.0946079e+00
   6.2371473e-01
   2.0109991e+00
  -1.9404424e+00
  -8.6278950e-01
   2.5069513e+00
  -7.9103764e-01
  -1.8983610e+00
   1.9112781e+00
   7.0515727e-01
  -2.0555011e+00
   9.9792846e-02
   1.7937253e+00
  -2.7381190e-01
  -1.8647218e+00
   4.3629880e-01
   2.2031532e+00
  -1.0830023e+00
  -2.1330970e+00
   1.8876804e+00
   1.3503252e+00
  -2.1968894e+00
  -2.7164926e-01
   1.8642953e+00
  -5.9012222e-01
  -1.2440242e+00
   1.1571669e+00
   5.8043701e-01
  -1.5329346e+00
   1.7195027e-01
   1.5810485e+00
  -9.3582027e-01
  -1.1047860e+00
   1.3123434e+00
   3.4343024e-01
  -1.0464624e+00
   8.1819730e-02
   5.2450823e-01
   1.1978362e-01
  -4.6670515e-01
  -4.7514090e-01
   1.0707487e+00
   2.7493210e-01
  -1.7293553e+00
   5.6269852e-01
   1.7365972e+00
  -1.4017084e+00
  -1.0864839e+00
   1.6595450e+00
   3.7986485e-01
  -1.4441462e+00
  -1.6464227e-02
   1.2796916e+00
  -2.7720862e-01
  -1.3010754e+00
   9.5401887e-01
   1.0060573e+00
  -1.8176739e+00
   1.3310426e-02
   2.0686282e+00
  -1.3313075e+00
  -1.2921347e+00
   2.0737181e+00
   5.0273399e-03
  -1.9569498e+00
   1.0512445e+00
   1.4812869e+00
  -1.8048407e+00
  -1.0398645e+00
   2.6262726e+00
   3.3279702e-01
  -3.4082043e+00
   1.0349520e+00
   3.3896303e+00
  -2.6674786e+00
  -2.0580667e+00
   3.5042823e+00
  -3.8240350e-02
  -2.8748865e+00
   1.6327440e+00
   1.2205831e+00
  -1.8719322e+00
   3.1708058e-01
   9.8196821e-01
  -9.1845647e-01
   1.4196317e-01
   6.2818492e-01
  -8.1932559e-01
   5.6866956e-03
   9.6468589e-01
  -5.9737363e-01
  -7.2528698e-01
   1.0599056e+00
   6.4743228e-02
  -1.1946915e+00
   1.0320884e+00
   5.4141142e-01
  -2.0596460e+00
   1.0647086e+00
   2.1297744e+00
  -2.9289640e+00
  -8.6704071e-01
   3.8946071e+00
  -1.0250466e+00
  -3.4456026e+00
   2.3808271e+00
   2.1723401e+00
  -2.6880533e+00
  -1.0213729e+00
   2.3601765e+00
   3.4117821e-01
  -2.0046063e+00
   1.6877708e-01
   1.7549207e+00
  -8.2891824e-01
  -1.3556574e+00
   1.5756299e+00
   6.0328115e-01
  -2.0598170e+00
   4.0630508e-01
   1.9313183e+00
  -1.2550959e+00
  -1.1510361e+00
   1.4013855e+00
   2.0523472e-01
  -6.7458592e-01
   1.8384198e-01
  -4.0191713e-01
   2.0723905e-01
   1.0751512e+00
  -8.2845012e-01
  -1.1988430e+00
   1.0335348e+00
   1.3450779e+00
  -8.8351880e-01
  -2.0134148e+00
   1.0613497e+00
   2.9295502e+00
  -2.0390706e+00
  -3.2262890e+00
   3.4380662e+00
   2.2816509e+00
  -4.2042535e+00
  -4.3197470e-01
   3.4843006e+00
  -1.1121916e+00
  -1.5002233e+00
   1.2371953e+00
  -4.6233517e-01
   1.6654477e-02
   1.1569342e+00
  -1.4599897e+00
  -5.3007228e-01
   1.9541420e+00
  -3.9205973e-01
  -1.4722427e+00
   7.4925874e-01
   7.8029890e-01
  -6.3515163e-01
  -3.1024573e-01
   5.2450006e-01
  -1.6590880e-01
  -3.9907863e-01
   7.8281623e-01
  -7.1323974e-02
  -1.1266799e+00
   7.2052822e-01
   8.6883425e-01
  -8.8321543e-01
  -4.7137799e-01
   3.3708280e-01
   7.6279710e-01
   1.7343042e-01
  -1.8260111e+00
   3.0263440e-01
   2.6824514e+00
  -1.7328113e+00
  -2.2906474e+00
   2.9641431e+00
   7.2091897e-01
  -2.8601673e+00
   8.5016443e-01
   1.4201495e+00
  -1.2553253e+00
   2.6400058e-01
   3.3496357e-01
  -9.8472066e-01
   1.0295012e+00
   3.4036923e-01
  -1.6600953e+00
   1.0444274e+00
   9.3103140e-01
  -2.0042133e+00
   8.1048285e-01
   1.6492211e+00
  -2.4622322e+00
  -2.2778233e-02
   2.9356769e+00
  -1.8797242e+00
  -1.9962131e+00
   2.8763915e+00
   4.3614550e-01
  -2.5513121e+00
   6.6331540e-01
   1.4736329e+00
  -8.6116628e-01
  -4.9994882e-01
   5.3530659e-01
  -3.5704681e-02
  -2.3767329e-01
   3.8570214e-01
   8.3004567e-02
  -8.1615885e-01
   1.4327583e-01
   1.2827748e+00
  -5.4494549e-01
  -1.6891199e+00
   1.1012084e+00
   2.0656684e+00
  -1.9296281e+00
  -2.2821880e+00
   3.1258166e+00
   1.9233909e+00
  -4.3261476e+00
  -7.9474376e-01
   4.8510019e+00
  -6.3217331e-01
  -4.4445980e+00
   1.6180898e+00
   3.5777328e+00
  -1.9206900e+00
  -2.8612016e+00
   1.8869475e+00
   2.4116417e+00
  -1.8487698e+00
  -1.9746957e+00
   1.7362275e+00
   1.4628680e+00
  -1.3520523e+00
  -1.0967328e+00
   7.6757035e-01
   1.0588627e+00
  -2.6729731e-01
  -1.2631878e+00
   4.1919215e-02
   1.5237783e+00
  -1.1908158e-01
  -1.7338853e+00
   4.9659108e-01
   1.7758206e+00
  -1.1098254e+00
  -1.4674190e+00
   1.6781313e+00
   7.8380629e-01
  -1.8165210e+00
  -2.3117448e-02
   1.3878617e+00
  -3.9880916e-01
  -6.4856416e-01
   2.9607531e-01
   4.1487251e-02
   1.3891546e-01
   1.3571712e-01
  -4.4456172e-01
  -1.6529514e-02
   2.6074995e-01
   1.6843073e-01
   1.8607431e-01
  -1.0256512e+00
  -1.1634038e-01
   2.2045447e+00
  -9.3785309e-01
  -2.7405580e+00
   2.4320141e+00
   2.1966444e+00
  -3.3813422e+00
  -1.1585909e+00
   3.5167412e+00
   3.8075015e-01
  -3.3951929e+00
   1.6139007e-01
   3.3877755e+00
  -9.6880574e-01
  -3.0912895e+00
   2.0237314e+00
   1.9771016e+00
  -2.6000266e+00
  -2.7019166e-01
   2.1178286e+00
  -1.1871849e+00
  -8.0314862e-01
   1.8011330e+00
  -6.6873350e-01
  -1.5868553e+00
   1.8243947e+00
   7.8259461e-01
  -2.4195194e+00
   3.7792659e-01
   2.1995794e+00
  -1.4270988e+00
  -1.1333907e+00
   1.7101087e+00
  -2.2577569e-01
  -1.0022129e+00
   1.0741670e+00
  -1.5654766e-01
  -1.1620710e+00
   1.0573376e+00
   9.7623813e-01
  -1.6571880e+00
  -9.5945329e-01
   2.4959404e+00
   7.8696162e-01
  -3.7248093e+00
   2.3877338e-01
   4.5532527e+00
  -2.0736132e+00
  -4.0017034e+00
   3.5811794e+00
   2.1484310e+00
  -3.5798978e+00
  -2.9657276e-01
   2.1349836e+00
  -2.6478998e-01
  -5.6437256e-01
  -4.5394121e-01
   1.0967267e-01
   1.2270726e+00
  -7.0242458e-01
  -9.5628380e-01
   1.1235079e+00
  -1.7174043e-01
  -3.6435210e-01
   9.3344276e-01
  -1.2967495e+00
  -4.1016783e-01
   2.6681054e+00
  -1.1125120e+00
  -2.9331038e+00
   2.6332036e+00
   2.3004863e+00
  -3.5335360e+00
  -1.4325685e+00
   3.9391199e+00
   5.9624588e-01
  -4.1383287e+00
   4.0769548e-01
   3.9874111e+00
  -1.6055757e+00
  -3.0890259e+00
   2.4341383e+00
   1.5052284e+00
  -2.1855881e+00
  -3.7238305e-02
   8.3935986e-01
  -4.0823834e-01
   7.6786488e-01
  -3.4427540e-01
  -1.6553549e+00
   1.6610537e+00
   1.4178137e+00
  -2.6947751e+00
  -2.8198918e-01
   2.8619512e+00
  -1.1779566e+00
  -1.9698367e+00
   2.2293971e+00
   3.2327890e-01
  -2.2687111e+00
   1.2653109e+00
   1.3171970e+00
  -1.9626759e+00
  -1.4592068e-01
   1.6330142e+00
  -3.7507458e-01
  -9.3568427e-01
   6.7567125e-02
   6.0460945e-01
   5.4681197e-01
  -7.7112949e-01
  -9.4361617e-01
   1.0978491e+00
   1.0568543e+00
  -1.3828659e+00
  -1.0089116e+00
   1.7337571e+00
   6.5932318e-01
  -2.1109251e+00
   2.6227190e-01
   1.9949954e+00
  -1.5415626e+00
  -8.3547930e-01
   2.2717988e+00
  -1.1200752e+00
  -1.5715286e+00
   2.6759563e+00
  -4.0218425e-01
  -2.6469799e+00
   2.3375767e+00
   1.0489125e+00
  -2.9034791e+00
   8.4047471e-01
   2.0114699e+00
  -1.7444311e+00
  -7.7495809e-01
   1.5703465e+00
   2.3589684e-01
  -1.2046430e+00
  -3.9363471e-01
   1.3544825e+00
   5.3836332e-01
  -1.8947161e+00
  -2.1460535e-01
   2.2775073e+00
  -3.7953560e-01
  -2.2588057e+00
   8.0277869e-01
   2.1035683e+00
  -9.6017837e-01
  -2.1710097e+00
   1.2190584e+00
   2.3793829e+00
  -1.9213392e+00
  -2.1741736e+00
   2.8226266e+00
   1.1226899e+00
  -3.1530523e+00
   4.8553070e-01
   2.3241761e+00
  -1.7187224e+00
  -5.7817112e-01
   1.7558990e+00
  -1.0981615e+00
  -6.1984208e-01
   1.7867113e+00
  -8.6853226e-01
  -1.3946760e+00
   1.9090805e+00
   5.2913095e-01
  -2.3777026e+00
   3.1229262e-01
   2.5652618e+00
  -1.1556658e+00
  -2.4844063e+00
   2.0776219e+00
   1.8053465e+00
  -2.6366900e+00
  -5.5745442e-01
   2.1680182e+00
  -4.2325965e-01
  -7.2078637e-01
   1.3278593e-01
  -5.9037917e-01
   1.4491690e+00
   5.1188300e-01
  -3.1193514e+00
   1.0710428e+00
   3.5619457e+00
  -3.0169712e+00
  -2.5877893e+00
   4.0967503e+00
   1.1535972e+00
  -4.0934298e+00
  -2.7481754e-01
   3.7483832e+00
   5.4273288e-02
