   1.9003371e-02
   3.6243055e+00
   3.4314192e+00
   3.6208123e-01
  -1.7911726e+00
  -1.4004625e+00
  -1.7376787e-01
  -8.5031906e-03
  -6.8118257e-01
  -8.3008224e-01
   1.0668065e-01
   1.3852401e+00
   1.8058188e+00
   8.6979725e-01
  -7.3625276e-01
  -1.7438315e+00
  -1.3367476e+00
   1.3809382e-01
   1.2100407e+00
   6.7803677e-01
  -6.5196869e-01
  -7.9485861e-01
   4.1077888e-01
   9.7313161e-01
   9.5542006e-02
  -5.5736947e-01
   3.6408222e-03
   3.9224033e-01
  -2.9564855e-01
  -6.4704698e-01
   2.6490169e-01
   7.4260152e-01
  -5.8459507e-01
  -1.6525904e+00
   1.3103570e-01
   2.8871028e+00
   2.0797616e+00
  -2.2052113e+00
  -4.1099806e+00
  -3.0702374e-01
   4.4182323e+00
   3.4716432e+00
  -2.2683456e+00
  -5.6540048e+00
  -2.7212199e+00
   2.9176186e+00
   5.3553691e+00
   3.0178717e+00
  -1.0439071e+00
  -3.4023540e+00
  -3.1190542e+00
  -1.2447979e+00
   7.5889596e-01
   1.8642798e+00
   1.8250165e+00
   1.0668836e+00
   1.0639709e-02
  -1.0644176e+00
  -1.4975875e+00
  -7.7363430e-01
   3.6468667e-01
   6.9882390e-01
   2.9304477e-01
   9.6203707e-02
   2.4963537e-01
   1.9757461e-01
  -1.0294108e-01
  -3.2427891e-01
  -4.7861088e-01
  -5.5772410e-01
  -1.9881973e-01
   5.8195799e-01
   1.0387773e+00
   6.4221012e-01
  -1.7191638e-01
  -5.9801030e-01
  -4.5205370e-01
  -2.8438045e-01
  -5.2029010e-01
  -6.2077099e-01
   2.9308039e-01
   1.6398579e+00
   1.4802466e+00
  -4.8907427e-01
  -1.7415908e+00
  -5.5190696e-01
   1.0221911e+00
   2.9457032e-01
  -1.5408370e+00
  -1.1736694e+00
   1.4285989e+00
   2.7261753e+00
   8.5208409e-01
  -1.8056953e+00
  -2.1692955e+00
  -3.7769269e-01
   1.0851849e+00
   7.2877005e-01
  -5.7310393e-01
  -8.7599601e-01
   5.9287627e-01
   2.1892015e+00
   1.4790266e+00
  -1.3105972e+00
  -2.9676266e+00
  -1.5932567e+00
   7.5449209e-01
   1.4243319e+00
   9.3532882e-01
   1.0322717e+00
   1.0969077e+00
  -4.2849140e-01
  -2.4035870e+00
  -2.1404052e+00
   2.8742024e-01
   1.9949117e+00
   1.4965002e+00
   1.4718111e-01
  -6.6073358e-01
  -9.8244264e-01
  -7.9511043e-01
   3.3296885e-01
   1.5085426e+00
   8.7246529e-01
  -1.3678250e+00
  -2.3278125e+00
  -2.9915753e-01
   2.3861389e+00
   2.2954529e+00
  -3.2832497e-01
  -2.0789661e+00
  -1.2459713e+00
   4.0548344e-01
   8.8224107e-01
   4.4547764e-01
   1.1168503e-01
  -1.3183998e-01
  -5.5613304e-01
  -7.7207660e-01
  -4.5750366e-01
   2.5741493e-01
   1.3161049e+00
   2.1621623e+00
   1.2128708e+00
  -1.8217782e+00
  -3.9278083e+00
  -2.1104021e+00
   1.8593105e+00
   3.3171352e+00
   1.1120692e+00
  -1.1981802e+00
  -8.4259668e-01
   7.1651962e-01
   8.1446989e-01
  -6.5888526e-01
  -1.9025491e+00
  -1.6378282e+00
   1.9453912e-01
   2.5022456e+00
   3.1042697e+00
   6.1146283e-01
  -3.0062842e+00
  -3.8000726e+00
  -7.4940246e-01
   2.7832518e+00
   3.4244552e+00
   1.3540526e+00
  -1.3398614e+00
  -3.1848723e+00
  -3.0294158e+00
  -9.5765103e-02
   3.7515281e+00
   4.2721815e+00
   4.9817950e-02
  -4.3296239e+00
  -3.5365862e+00
   1.1279547e+00
   3.4893571e+00
   1.3191430e+00
  -1.2413591e+00
  -9.3211045e-01
   8.9744610e-02
  -6.5107358e-01
  -1.2663973e+00
   3.7650553e-01
   2.0575215e+00
   1.0387953e+00
  -9.3161604e-01
  -7.8574290e-01
   5.8583730e-01
   3.7594281e-01
  -1.1569388e+00
  -1.5324321e+00
  -2.0577417e-01
   1.1996997e+00
   1.6197487e+00
   1.1743642e+00
   2.1773238e-02
  -1.5328909e+00
  -2.2767564e+00
  -9.3758746e-01
   1.8196329e+00
   3.0963585e+00
   8.6495866e-01
  -2.6649926e+00
  -3.0739774e+00
   1.9998858e-01
   2.7883653e+00
   1.6350065e+00
  -9.8846028e-01
  -1.5134704e+00
  -1.0043796e-01
   6.3585944e-01
  -5.0392977e-02
  -3.5996100e-01
   7.3589956e-01
   1.3852507e+00
  -4.1636747e-01
  -2.7864790e+00
  -1.7724896e+00
   2.1822346e+00
   3.7214542e+00
   4.5501100e-01
  -3.0933479e+00
  -2.3072697e+00
   8.9993052e-01
   1.8157254e+00
   8.4248580e-02
  -8.0463526e-01
   4.0983888e-01
   1.1789114e+00
  -8.2522758e-02
  -1.2767243e+00
  -5.2928825e-01
   3.6590224e-01
  -5.5734819e-01
  -1.2994568e+00
   6.5283844e-01
   3.0062673e+00
   1.7724863e+00
  -1.7470117e+00
  -2.5261643e+00
   1.0117369e-01
   1.4126052e+00
  -8.5967611e-01
  -2.6968343e+00
  -1.8683819e-01
   3.9750919e+00
   4.0262813e+00
  -6.1367029e-01
  -4.4863369e+00
  -3.3628023e+00
   8.0183861e-01
   3.0374916e+00
   1.4231621e+00
  -1.3109114e+00
  -1.6219008e+00
   5.1810850e-01
   1.9707960e+00
   8.5829301e-01
  -1.0652687e+00
  -1.3459611e+00
  -3.5340237e-01
  -2.3494796e-02
  -3.8092247e-01
   9.6030172e-02
   1.1771754e+00
   9.9648097e-01
  -3.7892880e-01
  -7.6223890e-01
   2.5723152e-01
   6.0341193e-01
  -4.5557936e-01
  -1.0704886e+00
  -2.1332199e-01
   5.7688614e-01
  -1.7025007e-02
  -6.8495662e-01
   4.0975005e-01
   2.1217767e+00
   1.3682458e+00
  -1.8361358e+00
  -3.3264422e+00
  -7.2374136e-01
   2.5841564e+00
   2.4338799e+00
  -5.4437060e-02
  -1.2304841e+00
  -9.6152753e-01
  -1.3172045e+00
  -1.4444433e+00
   9.4800602e-01
   4.0251905e+00
   3.1104980e+00
  -1.9617490e+00
  -5.3492741e+00
  -2.7894282e+00
   2.6170079e+00
   4.5457886e+00
   1.3351563e+00
  -2.7316653e+00
  -3.1708534e+00
  -1.5091974e-01
   2.6229737e+00
   2.4643615e+00
   1.7905770e-01
  -1.6985761e+00
  -2.0054662e+00
  -1.4066261e+00
  -4.0052091e-01
   1.2249943e+00
   2.5747193e+00
   1.7423471e+00
  -8.8063659e-01
  -1.9765394e+00
  -4.1886520e-02
   1.7826009e+00
   1.5322663e-01
  -3.2652166e+00
  -3.7627703e+00
   1.5876987e-01
   4.7234275e+00
   5.3174609e+00
   1.6124606e+00
  -2.7399788e+00
  -4.6300951e+00
  -3.8139468e+00
  -1.1482299e+00
   2.5312454e+00
   5.0406021e+00
   3.6140141e+00
  -1.0636211e+00
  -4.2895954e+00
  -3.0122444e+00
   2.9525454e-01
   1.5881105e+00
   6.5143368e-01
   6.9599714e-02
   8.1890721e-01
   1.5415178e+00
   1.0791354e+00
  -4.4315522e-01
  -2.3957076e+00
  -3.6838019e+00
  -2.5399811e+00
   1.5459878e+00
   5.5763294e+00
   5.1684543e+00
  -1.2186563e-02
  -4.9657796e+00
  -4.9733734e+00
  -9.6147222e-01
   2.3915513e+00
   2.6639707e+00
   1.4560546e+00
   5.3040737e-01
  -6.8162382e-01
  -2.4533198e+00
  -2.6035016e+00
   3.7195949e-01
   3.8123595e+00
   3.4532971e+00
  -9.7404634e-01
  -4.7907946e+00
  -3.5417833e+00
   1.6576114e+00
   5.0254679e+00
   2.8725137e+00
  -1.9081261e+00
  -3.7387495e+00
  -1.4580748e+00
   1.0594260e+00
   9.3298388e-01
  -1.3470479e-01
   5.1892748e-01
   1.8768046e+00
   1.0524707e+00
  -1.5782147e+00
  -2.6529339e+00
  -1.0227366e+00
   9.3388420e-01
   1.4564592e+00
   1.2704684e+00
   7.9553202e-01
  -7.4434979e-01
  -2.4173031e+00
  -1.6294772e+00
   1.4149988e+00
   2.9764127e+00
   1.1728398e+00
  -1.3606239e+00
  -1.7842704e+00
  -7.6381681e-01
  -2.5285548e-01
  -2.8384721e-01
   2.4506953e-01
   1.2811243e+00
   1.7848166e+00
   1.3480165e+00
   2.0460370e-01
  -1.6937982e+00
  -3.7390915e+00
  -3.4473485e+00
   8.5213464e-01
   5.8864740e+00
   5.5730577e+00
  -1.0455364e+00
  -7.0074391e+00
  -5.3326492e+00
   2.0763110e+00
   6.6979414e+00
   4.0262399e+00
  -1.6710241e+00
  -4.1807991e+00
  -3.0551369e+00
  -1.5158149e+00
  -5.6462525e-02
   2.8051037e+00
   5.1360745e+00
   2.9760115e+00
  -2.6011434e+00
  -5.3941954e+00
  -2.5743838e+00
   1.5132528e+00
   2.1642122e+00
   5.8159712e-01
   3.2044684e-01
   1.0424243e+00
   1.8202045e-02
  -2.0171638e+00
  -1.3972852e+00
   1.8183693e+00
   2.6293073e+00
  -1.0676930e+00
  -3.9917136e+00
  -1.2367667e+00
   3.4178035e+00
   3.1037022e+00
  -1.1873042e+00
  -2.5609126e+00
   4.9795815e-01
   2.4026438e+00
  -2.1291137e-02
  -3.0791338e+00
  -2.5544465e+00
   6.1706398e-01
   2.9206365e+00
   2.9380026e+00
   1.3572580e+00
  -1.1383393e+00
  -3.5612080e+00
  -3.8065793e+00
  -7.3532495e-01
   3.4861570e+00
   5.0491111e+00
   2.4121390e+00
  -2.2673255e+00
  -5.0894050e+00
  -3.6020663e+00
   8.8483058e-01
   4.1055331e+00
   3.1513447e+00
  -2.7288522e-01
  -2.2220366e+00
  -1.3961014e+00
   2.0474226e-01
   7.2195555e-01
   2.4620993e-01
  -4.0521469e-01
  -6.2632973e-01
   2.4167662e-03
   1.0485764e+00
   1.0302211e+00
  -6.1351255e-01
  -1.9868307e+00
  -9.1002866e-01
   1.7212445e+00
   2.6791370e+00
   6.4131481e-01
  -2.1419384e+00
  -2.8149558e+00
  -9.8900087e-01
   1.5147896e+00
   2.6693771e+00
   1.6591659e+00
  -6.8311625e-01
  -2.4299054e+00
  -2.0700994e+00
   1.0368639e-01
   2.1676297e+00
   2.3358248e+00
   5.5125545e-01
  -1.7030797e+00
  -2.7727504e+00
  -1.8516512e+00
   6.4214155e-01
   3.1090322e+00
   3.5069446e+00
   8.7489676e-01
  -3.0664506e+00
  -4.3302866e+00
  -8.5289266e-01
   3.5685012e+00
   2.9766533e+00
  -2.1748774e+00
  -4.6350394e+00
  -5.0401121e-01
   4.9975531e+00
   4.9690098e+00
  -2.4410191e-02
  -3.9648012e+00
  -3.7053352e+00
  -1.3743564e+00
   2.0690678e-01
   9.4431612e-01
   1.9415287e+00
   2.8013751e+00
   1.9297214e+00
  -8.5565797e-01
  -3.3306346e+00
  -3.1406631e+00
  -4.7553692e-01
   2.1285666e+00
   2.4498913e+00
   7.7081163e-01
  -6.9587520e-01
  -6.1392167e-01
  -1.0272952e-01
  -6.9793389e-01
  -1.5301180e+00
  -4.0202832e-01
   2.2803841e+00
   3.0211129e+00
   5.4026706e-02
  -3.3845397e+00
  -3.0506075e+00
   4.1839576e-01
   2.7141306e+00
   2.0373350e+00
   4.0696502e-01
  -6.1072228e-01
  -1.4152288e+00
  -1.8249624e+00
  -8.7231694e-01
   8.8115914e-01
   1.8023887e+00
   1.4901934e+00
   5.0765459e-01
  -8.8624163e-01
  -1.9888380e+00
  -1.4930386e+00
   3.7824492e-01
   1.5697752e+00
   1.1305245e+00
   3.1765032e-01
   4.4746552e-02
  -4.4540495e-01
  -1.4849931e+00
  -1.6204120e+00
   2.6099645e-01
   2.5327088e+00
   2.2316351e+00
  -9.4717810e-01
  -3.4281331e+00
  -1.7890620e+00
   2.4946444e+00
   4.2024822e+00
   9.1439768e-01
  -3.5981441e+00
  -4.2229639e+00
  -7.9425429e-01
   2.8025863e+00
   3.7508972e+00
   1.8949632e+00
  -1.4761568e+00
  -3.7396139e+00
  -2.3435296e+00
   1.4787394e+00
   3.1776684e+00
   1.0398921e+00
  -1.4297412e+00
  -1.1810231e+00
   1.1744960e-01
  -3.2674224e-02
  -5.5746857e-01
   3.9522196e-01
   1.3638621e+00
   1.5237675e-01
  -1.6465796e+00
  -8.0105726e-01
   1.9154662e+00
   2.2541793e+00
  -1.0403090e+00
  -3.8193137e+00
  -2.1363221e+00
   2.2766459e+00
   4.3361507e+00
   1.9618562e+00
  -1.9999086e+00
  -3.5515289e+00
  -1.6521700e+00
   1.2782764e+00
   2.1127307e+00
   3.3155816e-01
  -1.4086763e+00
  -6.1210822e-01
   1.6051764e+00
   1.9712915e+00
  -2.3881361e-01
  -2.2441275e+00
  -1.8573942e+00
  -9.4261214e-02
   1.0744948e+00
   1.2838087e+00
   1.0142953e+00
   1.8350918e-01
  -1.0944841e+00
  -1.6104408e+00
  -4.4744545e-01
   1.3641147e+00
   1.8571895e+00
   4.6895222e-01
  -1.4526262e+00
  -2.1186683e+00
  -8.9645889e-01
   1.0864025e+00
   1.9848024e+00
   1.2830183e+00
   8.3801325e-02
  -9.1622717e-01
  -1.9877067e+00
  -2.3169292e+00
  -1.4349441e-01
   3.4793880e+00
   4.1665507e+00
   1.5180852e-01
  -4.0988969e+00
  -3.6509871e+00
   1.2689269e-01
   2.3153181e+00
   1.4740731e+00
   3.4324342e-02
  -2.5228619e-01
   2.2415505e-01
   6.1387901e-01
   3.2351801e-01
  -9.0515997e-01
  -2.1835770e+00
  -1.7816031e+00
   6.2955665e-01
   2.8970508e+00
   2.6758092e+00
   3.2577605e-01
  -1.6322689e+00
  -1.8122361e+00
  -1.2714621e+00
  -1.0747768e+00
  -3.2713952e-01
   1.7749271e+00
   3.3375774e+00
   1.8295208e+00
  -1.6662635e+00
  -3.2201248e+00
  -1.4860881e+00
   6.4455156e-01
   7.7881664e-01
   3.0286236e-01
   1.1412172e+00
   1.9347436e+00
   2.1957074e-01
  -2.9073291e+00
  -3.3809058e+00
   1.7842532e-01
   3.9002557e+00
   3.3456184e+00
  -7.8543466e-01
  -3.6475844e+00
  -2.3292342e+00
   1.0045729e+00
   2.3910873e+00
   1.0151966e+00
  -5.8615881e-01
  -7.2610158e-01
  -5.0168095e-01
  -7.7803951e-01
  -2.6147070e-01
   1.4351455e+00
   1.8650042e+00
  -2.9190973e-01
  -2.1624250e+00
  -8.7573206e-01
   1.6020527e+00
   1.3979972e+00
  -1.2727159e+00
  -2.5893993e+00
  -7.4896342e-01
   1.9820679e+00
   2.8147362e+00
   1.5740736e+00
  -3.0556857e-01
  -1.9289130e+00
  -2.8288644e+00
  -2.1340720e+00
   3.4502689e-01
   2.8214519e+00
   3.1062400e+00
   1.2364606e+00
  -9.8871960e-01
  -2.4379416e+00
  -2.7881207e+00
  -1.3813651e+00
   1.5293196e+00
   3.4442058e+00
   2.2601675e+00
  -5.8819215e-01
  -2.0379168e+00
  -1.4641740e+00
  -5.5072278e-01
  -1.5750041e-01
   2.4905674e-01
   7.4344880e-01
   8.0328130e-01
   6.1884256e-01
   6.3708217e-01
   2.8782127e-01
  -1.0283879e+00
  -2.2016099e+00
  -1.5095280e+00
   7.9583851e-01
   2.5427304e+00
   2.1515685e+00
   3.8937213e-02
