   3.4516050e-02
   5.6439850e+00
   6.5978991e+00
   2.5194720e+00
  -2.7130472e+00
  -5.1942356e+00
  -4.2654596e+00
  -1.4072992e+00
   2.1490465e+00
   5.1703776e+00
   5.3417881e+00
   1.0874898e+00
  -5.1750578e+00
  -7.6756657e+00
  -3.1633396e+00
   4.3098671e+00
   6.9987389e+00
   2.6980440e+00
  -2.5740577e+00
  -2.9728508e+00
  -2.2548685e-01
   6.1766314e-01
  -9.7432311e-01
  -1.8358516e+00
  -7.7855883e-01
   9.4382413e-01
   2.5508196e+00
   3.3677123e+00
   1.7013379e+00
  -2.3626481e+00
  -4.9781370e+00
  -2.9748424e+00
   1.3282707e+00
   3.2998038e+00
   2.2641506e+00
   7.6582199e-01
  -4.5726201e-01
  -2.1368574e+00
  -2.7149433e+00
  -1.5469185e-01
   3.2198185e+00
   2.8335493e+00
  -1.1957428e+00
  -3.7887263e+00
  -1.9347290e+00
   1.8265266e+00
   3.4348530e+00
   1.8311249e+00
  -1.0460218e+00
  -2.7029706e+00
  -2.0949608e+00
  -2.3966847e-01
   1.0666019e+00
   1.3182813e+00
   1.4297693e+00
   1.6699605e+00
   7.5930623e-01
  -1.9420996e+00
  -4.2890157e+00
  -3.1726466e+00
   1.4069455e+00
   5.5147150e+00
   5.0902304e+00
   2.8816755e-02
  -5.5145442e+00
  -6.5621010e+00
  -1.7893340e+00
   4.7116538e+00
   6.9892982e+00
   3.3014103e+00
  -2.3445052e+00
  -5.1163451e+00
  -4.1292452e+00
  -1.5349707e+00
   1.0951556e+00
   3.5087182e+00
   4.7927323e+00
   3.1593432e+00
  -1.3079115e+00
  -5.2437482e+00
  -5.0844217e+00
  -1.1759537e+00
   2.6477110e+00
   3.5480846e+00
   2.2387239e+00
   7.7616509e-01
  -2.4035944e-01
  -1.1182935e+00
  -1.6499972e+00
  -1.8002733e+00
  -1.9579849e+00
  -1.2384460e+00
   1.8083210e+00
   5.3062361e+00
   4.4909405e+00
  -1.3207223e+00
  -5.9003081e+00
  -4.0123919e+00
   1.1557095e+00
   2.9811479e+00
   8.1619838e-01
  -8.1782131e-01
  -7.1132132e-02
   7.4053792e-01
   2.6947025e-01
  -7.9054727e-02
   5.7376510e-01
   8.3787559e-01
  -7.1848778e-01
  -3.0202311e+00
  -3.0841801e+00
   3.9503446e-01
   4.5454281e+00
   4.9612077e+00
   9.6791614e-01
  -3.5217863e+00
  -4.6738651e+00
  -2.4449612e+00
   6.7157306e-01
   2.6752113e+00
   2.9103920e+00
   1.3962675e+00
  -9.9496755e-01
  -2.2440059e+00
  -1.0386584e+00
   1.0277727e+00
   1.1137620e+00
  -8.5587461e-01
  -1.9225891e+00
  -2.2303378e-01
   2.3817567e+00
   2.5734464e+00
  -3.1166081e-01
  -3.2487535e+00
  -2.8515730e+00
   6.8719597e-01
   3.6886056e+00
   3.0618376e+00
  -3.8378292e-01
  -3.1564954e+00
  -3.1010706e+00
  -1.1021117e+00
   1.0731335e+00
   2.6911521e+00
   3.1447997e+00
   1.4310690e+00
  -1.9076987e+00
  -4.0575447e+00
  -2.7798450e+00
   8.8838667e-01
   3.6203521e+00
   3.0098002e+00
  -2.3465370e-01
  -2.9328087e+00
  -2.6177621e+00
  -8.9162091e-02
   1.9069097e+00
   2.0214685e+00
   9.9061134e-01
  -3.3153348e-01
  -1.6657562e+00
  -2.2484914e+00
  -1.0481956e+00
   1.4677514e+00
   3.0197135e+00
   1.8178092e+00
  -1.1559009e+00
  -2.9852095e+00
  -2.0954714e+00
   2.1481689e-01
   1.8323295e+00
   2.0793611e+00
   1.3265456e+00
  -4.3750641e-03
  -1.2349338e+00
  -1.6859539e+00
  -1.5356355e+00
  -1.0417481e+00
   4.7538709e-01
   2.7188751e+00
   2.7848888e+00
  -9.2769793e-01
  -4.1450991e+00
  -1.1969588e+00
   5.4428465e+00
   6.1307936e+00
  -2.5745052e+00
  -1.1004744e+01
  -7.9245851e+00
   4.3883452e+00
   1.2416362e+01
   7.8655543e+00
  -3.2459202e+00
  -8.9844656e+00
  -5.1566963e+00
   1.9597243e+00
   4.5657686e+00
   1.7248317e+00
  -1.6630500e+00
  -1.8970834e+00
  -2.6172991e-01
   2.4594320e-01
  -1.4807946e-01
   1.1553764e+00
   3.5930057e+00
   2.6690703e+00
  -2.8849722e+00
  -7.0125229e+00
  -3.9064970e+00
   3.1695092e+00
   6.0881197e+00
   2.9233603e+00
  -9.5588397e-01
  -1.7182575e+00
  -1.1331944e+00
  -1.5566159e+00
  -1.9450375e+00
  -5.2353685e-01
   1.8501330e+00
   2.8865287e+00
   1.7790692e+00
  -3.2535911e-01
  -1.8347084e+00
  -1.9560933e+00
  -9.8893861e-01
   1.5467335e-01
   8.4495160e-01
   1.1568679e+00
   1.2482649e+00
   6.6844040e-01
  -8.9156618e-01
  -2.2368297e+00
  -1.5692745e+00
   7.6375066e-01
   2.3253882e+00
   1.9900787e+00
   7.9665241e-01
  -8.8146363e-01
  -3.3331622e+00
  -4.3263989e+00
  -8.5114078e-01
   4.8509146e+00
   6.3412318e+00
   1.7927343e+00
  -3.4445566e+00
  -4.6919373e+00
  -2.9174722e+00
  -4.2354718e-01
   2.4123432e+00
   4.1661647e+00
   2.1315421e+00
  -2.3781549e+00
  -3.7354080e+00
   6.1532266e-02
   3.6028464e+00
   1.6896640e+00
  -2.8990578e+00
  -3.6921138e+00
  -1.3350668e-01
   2.4621343e+00
   1.6018628e+00
   3.7020981e-01
   9.8982431e-01
   1.3718077e+00
  -4.0003446e-01
  -2.9270139e+00
  -4.0821886e+00
  -2.8792366e+00
   1.1529568e+00
   6.4240401e+00
   7.9271005e+00
   2.1049529e+00
  -6.9244046e+00
  -1.0238221e+01
  -4.3702312e+00
   4.3557249e+00
   7.5857854e+00
   4.4536428e+00
   3.2153219e-01
  -1.6791260e+00
  -2.9178138e+00
  -3.9743454e+00
  -2.7999265e+00
   9.0179337e-01
   3.9334736e+00
   3.5632557e+00
   5.1322989e-01
  -2.3404947e+00
  -2.5341337e+00
   9.6368717e-03
   2.4385639e+00
   1.7964797e+00
  -1.1580624e+00
  -2.9686369e+00
  -2.1023690e+00
  -1.1807809e-02
   1.7243054e+00
   2.5234282e+00
   2.0380415e+00
   7.4573543e-01
  -1.0259023e-01
  -8.0778964e-01
  -2.9864306e+00
  -5.4381700e+00
  -3.7578712e+00
   3.2517149e+00
   9.6116980e+00
   8.0794638e+00
  -8.7578629e-01
  -8.8869521e+00
  -8.8351370e+00
  -2.0495778e+00
   4.4926327e+00
   6.0180885e+00
   3.1783314e+00
  -7.7746067e-01
  -3.0912624e+00
  -2.2818538e+00
   9.4058476e-01
   2.9346617e+00
   4.4848865e-01
  -4.1017681e+00
  -4.2774830e+00
   1.3819461e+00
   6.0765147e+00
   3.7902792e+00
  -2.1467314e+00
  -4.0046565e+00
  -6.3921908e-01
   1.6983379e+00
  -7.0305152e-01
  -3.3990171e+00
  -8.4712371e-01
   4.4734506e+00
   5.1100291e+00
  -2.0450729e-01
  -4.4212236e+00
  -2.5419946e+00
   1.5036921e+00
   1.4617270e+00
  -2.0379054e+00
  -3.0721254e+00
   7.4701978e-01
   4.9790609e+00
   4.2126845e+00
  -1.0871778e+00
  -5.0388780e+00
  -3.4124037e+00
   1.2201159e+00
   3.0409920e+00
   7.6676948e-01
  -1.4195770e+00
  -7.2828245e-01
   8.0544673e-01
   8.6992298e-01
   3.3896442e-01
   2.7811593e-01
  -3.9990660e-01
  -1.9300058e+00
  -1.8782765e+00
   9.1029848e-01
   3.2893426e+00
   1.8252684e+00
  -1.8715039e+00
  -3.0476638e+00
  -4.6311021e-01
   2.0999629e+00
   1.5873954e+00
  -3.1086138e-01
  -7.6433013e-01
  -3.5224117e-01
  -8.9276633e-01
  -1.2609281e+00
   5.5292563e-01
   2.8403773e+00
   2.0402278e+00
  -1.4137902e+00
  -3.1652661e+00
  -1.0811477e+00
   1.8833013e+00
   1.8472881e+00
  -9.6094580e-01
  -2.6314065e+00
  -5.5342956e-01
   3.1456878e+00
   3.9375029e+00
   3.8480284e-01
  -3.9182798e+00
  -4.4947160e+00
  -1.1187111e+00
   2.3565507e+00
   2.8544232e+00
   1.2979153e+00
   5.5726292e-01
   1.1746871e+00
   5.5389977e-01
  -2.8337173e+00
  -5.7928510e+00
  -3.6536501e+00
   2.8751362e+00
   7.4233363e+00
   5.5612755e+00
  -2.7887638e-01
  -4.6765480e+00
  -5.1675349e+00
  -2.8296082e+00
   4.5368381e-01
   3.0967965e+00
   3.6856576e+00
   1.9604246e+00
  -5.3572801e-01
  -2.0946420e+00
  -2.4156664e+00
  -1.6670996e+00
   3.7927709e-01
   2.7347936e+00
   2.6814820e+00
  -6.2311173e-01
  -3.5481084e+00
  -2.0473917e+00
   2.4408908e+00
   4.2241243e+00
   6.7126406e-01
  -4.1570060e+00
  -4.3706379e+00
   4.4760542e-01
   4.6506503e+00
   3.5677903e+00
  -8.9452179e-01
  -3.4075724e+00
  -2.1915868e+00
   4.6910148e-02
   1.0878853e+00
   1.5027483e+00
   1.8846053e+00
   1.1465504e+00
  -1.2579426e+00
  -3.4671417e+00
  -2.9407013e+00
   3.4950756e-01
   3.3302216e+00
   3.2015537e+00
   9.0665237e-01
  -5.1054228e-01
  -6.3644070e-01
  -1.7753824e+00
  -3.8713482e+00
  -3.1979788e+00
   1.7324610e+00
   6.2762295e+00
   5.1368557e+00
  -3.6898854e-01
  -4.3447491e+00
  -4.1431006e+00
  -2.0092821e+00
   1.9658835e-02
   2.1111783e+00
   3.5907436e+00
   2.5216631e+00
  -6.0659357e-01
  -2.4833027e+00
  -1.7540894e+00
  -9.3910741e-01
  -1.5250419e+00
  -5.6783997e-01
   3.9041226e+00
   6.8673461e+00
   1.9308039e+00
  -7.5402503e+00
  -1.0193174e+01
  -1.7307309e+00
   8.3488809e+00
   9.0035851e+00
   1.4341301e+00
  -4.5689639e+00
  -4.3374236e+00
  -1.8881022e+00
  -1.1413644e+00
  -5.4108555e-01
   2.0019058e+00
   4.3218237e+00
   3.2687908e+00
  -4.4246903e-01
  -3.3063803e+00
  -3.2779227e+00
  -1.3671905e+00
   2.2539252e-01
   6.7809738e-01
   9.9410493e-01
   1.9509586e+00
   2.5263422e+00
   1.1966391e+00
  -1.6751920e+00
  -3.6059681e+00
  -2.4796857e+00
   7.2335267e-01
   2.3683555e+00
   4.5453768e-01
  -2.0826206e+00
  -6.8528501e-01
   3.9336994e+00
   5.4128773e+00
   1.0421838e-01
  -6.9411374e+00
  -7.4842594e+00
  -4.8541125e-01
   6.3628878e+00
   6.1367833e+00
   7.2000400e-01
  -2.9754915e+00
  -2.4426676e+00
  -1.0611111e+00
  -1.0109054e+00
  -1.8376191e-01
   2.3342878e+00
   3.0579465e+00
  -1.6518523e-01
  -3.4394553e+00
  -2.1789782e+00
   1.7520143e+00
   2.7890181e+00
  -9.2649263e-02
  -2.3180350e+00
  -7.6794572e-01
   1.9755357e+00
   1.8346835e+00
  -9.9803074e-01
  -2.7528757e+00
  -1.3152243e+00
   1.3919631e+00
   2.2387616e+00
   7.0662977e-01
  -8.7180811e-01
  -5.7395084e-01
   6.6628214e-01
   6.5752851e-01
  -8.4788673e-01
  -1.9937410e+00
  -1.4572861e+00
   2.3533333e-01
   1.8450182e+00
   2.5072623e+00
   1.7652164e+00
  -1.8711387e-01
  -2.1557028e+00
  -2.7823107e+00
  -1.7519416e+00
   2.6457914e-01
   2.1435095e+00
   2.5065664e+00
   9.5597107e-01
  -6.8002456e-01
  -6.0656684e-01
  -2.7189852e-01
  -1.8613689e+00
  -3.2196224e+00
  -3.7067432e-01
   4.8086977e+00
   5.4552852e+00
  -2.6967243e-01
  -5.6444881e+00
  -4.4259035e+00
   1.0108388e+00
   3.7958747e+00
   1.8315242e+00
  -8.6238311e-01
  -9.5284664e-01
   7.6784526e-02
  -2.8977618e-01
  -1.1065166e+00
  -1.7648147e-01
   1.4825980e+00
   1.1947812e+00
  -5.6576074e-01
  -9.9804171e-01
   6.2524059e-03
  -2.1565852e-02
  -1.0531243e+00
  -2.9402671e-01
   2.1729646e+00
   2.4044368e+00
  -7.9811543e-01
  -3.1859065e+00
  -1.7762416e+00
   6.2726530e-01
   1.0009066e+00
   9.6005418e-01
   2.0665181e+00
   1.7868557e+00
  -1.2712893e+00
  -3.4083722e+00
  -1.7841995e+00
   6.6164126e-01
   5.8668232e-01
  -1.6869905e-01
   1.3475464e+00
   3.4349299e+00
   2.2943520e+00
  -1.9280810e+00
  -5.0929354e+00
  -4.1716868e+00
  -1.7208108e-01
   3.6689202e+00
   4.9595441e+00
   3.2418931e+00
  -4.9974259e-01
  -4.0886176e+00
  -4.7165089e+00
  -1.5072213e+00
   2.4188561e+00
   2.9877303e+00
   5.4770783e-01
  -7.9209822e-01
   4.7114391e-01
   1.2682044e+00
  -4.9530235e-01
  -2.2357669e+00
  -9.4725403e-01
   1.6091256e+00
   1.3296240e+00
  -1.6952175e+00
  -2.7734989e+00
   4.8811896e-01
   4.2079467e+00
   3.3861703e+00
  -1.2770339e+00
  -4.5119525e+00
  -3.1964355e+00
   6.5692106e-01
   3.1902935e+00
   2.7737006e+00
   4.8379285e-01
  -1.7953383e+00
  -2.6356552e+00
  -1.3786183e+00
   1.1483932e+00
   2.4972521e+00
   1.1033633e+00
  -1.0966639e+00
  -9.7138447e-01
   7.8592285e-01
   4.3697410e-01
  -2.1939804e+00
  -2.5094775e+00
   1.2527263e+00
   4.2037332e+00
   2.1208713e+00
  -2.0227993e+00
  -2.9658754e+00
  -6.9808121e-01
   1.0154612e+00
   6.2481199e-01
  -3.5910417e-01
  -5.1129058e-01
   2.7592607e-01
   1.4219306e+00
   1.7554441e+00
   2.0961161e-01
  -2.2777652e+00
  -2.9927570e+00
  -8.8006181e-01
   1.7770099e+00
   2.3467831e+00
   9.2849453e-01
  -5.3010093e-01
  -6.4134785e-01
   3.9875128e-01
   9.5249254e-01
  -4.8276682e-01
  -2.7765047e+00
  -2.7285962e+00
   4.8285639e-01
   3.4262504e+00
   2.8941590e+00
   3.2319099e-01
  -7.5138757e-01
  -1.9119109e-01
  -8.7459766e-01
  -3.1101261e+00
  -3.2697803e+00
   5.6851100e-01
   4.8038723e+00
   4.5969016e+00
   1.0218250e-01
  -3.8745671e+00
  -3.5484968e+00
   1.3240422e-01
   2.9899633e+00
   1.9079541e+00
  -1.9395462e+00
  -3.8883382e+00
  -8.7167657e-01
   4.2342448e+00
   5.3359177e+00
   6.7810733e-01
  -4.8263194e+00
  -5.7541997e+00
  -1.9685669e+00
   2.8526643e+00
   5.4742191e+00
   4.3792205e+00
  -7.0842619e-02
  -4.6318558e+00
  -5.0707737e+00
  -1.2620012e+00
   2.1491317e+00
   2.0585385e+00
   7.4235724e-01
   1.2030139e+00
   2.2231649e+00
   1.0051599e+00
  -2.0452990e+00
  -4.0130631e+00
  -3.2295320e+00
  -4.2019615e-01
   2.5979998e+00
   3.9730853e+00
   2.7087235e+00
  -9.6578557e-02
  -1.8472318e+00
  -1.6166432e+00
  -1.2905081e+00
  -1.9517927e+00
  -1.4879043e+00
   1.5365205e+00
   4.1597541e+00
   2.7916272e+00
  -1.1292855e+00
  -3.0062493e+00
  -1.5698352e+00
   1.1950227e-01
  -1.5837915e-02
