  -6.0698697e-02
   3.4266505e-01
   1.7545241e+00
   2.1091399e+00
  -7.6528145e-02
  -2.1597122e+00
  -1.2428636e+00
   9.3434042e-01
   8.1512311e-01
  -1.2122285e+00
  -1.6899484e+00
   3.6459736e-01
   2.2768810e+00
   1.8952636e+00
   1.3053338e-01
  -1.1373510e+00
  -1.5373465e+00
  -1.5658472e+00
  -9.1469000e-01
   9.0386715e-01
   2.7077910e+00
   2.2645986e+00
  -7.0518666e-01
  -3.3852189e+00
  -2.6271251e+00
   1.3084436e+00
   4.3113670e+00
   2.6063243e+00
  -2.3622451e+00
  -4.8727513e+00
  -1.9600488e+00
   2.5233754e+00
   3.1321319e+00
   2.3775899e-01
  -1.1767225e+00
   7.1356024e-01
   2.1433817e+00
  -1.2298785e-02
  -3.4206310e+00
  -3.9680473e+00
  -1.2716345e+00
   2.1541896e+00
   4.5626745e+00
   4.8413370e+00
   1.5460410e+00
  -4.1413096e+00
  -6.9664282e+00
  -3.4564204e+00
   2.6086912e+00
   4.7864106e+00
   2.3418428e+00
  -2.7201898e-01
  -7.2713335e-01
  -7.3312312e-01
  -1.2994755e+00
  -1.0054099e+00
   5.1310567e-01
   1.3237708e+00
   3.3231849e-01
  -1.0681406e+00
  -1.1109756e+00
   2.5042671e-01
   1.5839153e+00
   1.4718109e+00
  -1.0927821e-01
  -1.6325859e+00
  -1.6123316e+00
  -3.0196012e-01
   7.6782801e-01
   8.6723856e-01
   8.2780170e-01
   1.2488531e+00
   8.5959003e-01
  -1.6045092e+00
  -4.0351939e+00
  -2.4386807e+00
   2.8173671e+00
   5.6729333e+00
   2.1644252e+00
  -3.5179869e+00
  -4.5291717e+00
  -5.9475538e-01
   2.5743518e+00
   1.8008529e+00
  -2.6992518e-01
  -5.3460016e-01
   2.9203104e-01
   1.8083919e-01
  -8.3381259e-01
  -1.4837356e+00
  -1.0188934e+00
   8.0403821e-01
   3.1150464e+00
   3.2412602e+00
  -4.0049134e-01
  -4.7338176e+00
  -4.6649646e+00
   2.0316001e-01
   4.5042641e+00
   3.8064922e+00
  -1.0596332e-01
  -2.3461475e+00
  -1.4267338e+00
  -5.3328026e-02
  -1.9883542e-01
  -5.3369742e-01
   4.6956988e-01
   1.6235615e+00
   1.0555972e+00
  -7.0122608e-01
  -1.6744389e+00
  -1.2226341e+00
  -1.5210576e-02
   1.4909695e+00
   2.5881598e+00
   1.5710073e+00
  -1.9461939e+00
  -4.6671214e+00
  -2.8002643e+00
   2.2662818e+00
   4.9404144e+00
   2.7084617e+00
  -1.0725904e+00
  -2.5013980e+00
  -1.7106542e+00
  -8.3268419e-01
  -3.8864455e-01
   4.5281486e-01
   1.6364575e+00
   1.9323014e+00
   6.0996084e-01
  -1.4212710e+00
  -2.3298252e+00
  -1.1892212e+00
   9.2460257e-01
   2.0144243e+00
   1.4420859e+00
   3.3528937e-01
  -5.2374567e-01
  -1.6825596e+00
  -2.8972130e+00
  -1.9856537e+00
   1.8996464e+00
   5.2781639e+00
   3.7995403e+00
  -1.6682063e+00
  -5.4538433e+00
  -3.8181929e+00
   1.1243023e+00
   4.3435283e+00
   2.9273549e+00
  -1.5337739e+00
  -4.2970011e+00
  -2.0869193e+00
   2.8276683e+00
   4.8070019e+00
   1.6691643e+00
  -2.8467751e+00
  -4.1007052e+00
  -1.7268064e+00
   1.1764155e+00
   2.1681704e+00
   1.4360399e+00
   4.8294935e-01
   8.0076665e-02
  -2.7928838e-01
  -1.2428994e+00
  -2.1434400e+00
  -1.2299267e+00
   1.7572241e+00
   3.8074559e+00
   1.7250992e+00
  -2.6929557e+00
  -3.8573779e+00
  -2.2006423e-01
   3.0152142e+00
   1.5600065e+00
  -1.7322415e+00
  -1.8144678e+00
   9.4529993e-01
   2.1228395e+00
   1.4922923e-01
  -1.8763415e+00
  -1.1053584e+00
   1.1387038e+00
   1.6969117e+00
   9.4859264e-02
  -1.4334095e+00
  -1.4634821e+00
  -5.0783564e-01
   7.0833568e-01
   1.6784041e+00
   1.4592021e+00
  -1.2172627e-01
  -1.3983944e+00
  -1.0803771e+00
  -2.9984706e-01
  -3.3840005e-01
  -4.6629962e-02
   1.7604259e+00
   2.9745780e+00
   7.0039075e-01
  -3.6472297e+00
  -5.2297656e+00
  -1.9441344e+00
   3.1468743e+00
   5.8506567e+00
   4.7701370e+00
   8.9105292e-01
  -3.9652978e+00
  -7.0900060e+00
  -5.6550042e+00
   2.2200173e-01
   6.1463747e+00
   7.2751792e+00
   3.2390725e+00
  -2.1676849e+00
  -5.2699943e+00
  -4.7826876e+00
  -1.4265276e+00
   2.2997715e+00
   3.4460214e+00
   1.8468872e+00
   3.1057815e-01
   1.5880288e-01
  -5.2775469e-01
  -2.4674633e+00
  -2.7641764e+00
   1.8817506e-01
   3.0372517e+00
   2.2660008e+00
  -5.4828498e-01
  -1.7495426e+00
  -8.7784790e-01
   1.8735618e-01
   6.4241259e-01
   7.2547836e-01
   3.4648435e-01
  -4.4906705e-01
  -9.5547876e-01
  -6.0130435e-01
   4.1167790e-01
   1.2152730e+00
   7.5972163e-01
  -9.1259276e-01
  -1.8207845e+00
  -2.5072429e-01
   2.0513671e+00
   1.6070190e+00
  -1.2664797e+00
  -2.2731095e+00
   9.2120477e-02
   1.9916290e+00
   8.6514152e-01
  -5.4298225e-01
  -1.0399620e-01
  -3.2002409e-01
  -2.2584471e+00
  -1.9629400e+00
   2.2181797e+00
   4.9533958e+00
   1.6583164e+00
  -4.0428141e+00
  -5.1503683e+00
  -5.2963895e-01
   4.2056465e+00
   3.9652000e+00
  -4.2395401e-02
  -2.6203100e+00
  -1.5557838e+00
   1.8014184e-01
  -2.7317599e-01
  -1.4436607e+00
  -7.2298360e-01
   1.2823755e+00
   2.5189613e+00
   2.8242686e+00
   2.2844904e+00
  -6.7834072e-01
  -5.5793547e+00
  -7.3054250e+00
  -2.1482345e+00
   5.7681407e+00
   8.5781782e+00
   3.8926047e+00
  -3.1325773e+00
  -5.9460795e+00
  -3.0263623e+00
   1.4142899e+00
   2.4601348e+00
  -2.3008651e-01
  -2.6233224e+00
  -1.0871673e+00
   3.5620358e+00
   6.1307434e+00
   2.1507660e+00
  -5.6050371e+00
  -8.5210717e+00
  -2.8786770e+00
   4.7843444e+00
   6.5891137e+00
   2.8077320e+00
  -1.2833145e+00
  -2.9790629e+00
  -2.7107957e+00
  -1.1223494e+00
   9.7970271e-01
   2.0387454e+00
   1.2430674e+00
  -3.7903433e-01
  -1.1981181e+00
  -7.3790815e-01
   2.0432757e-01
   7.4648091e-01
   6.4654590e-01
   3.4382866e-02
  -7.5299921e-01
  -1.0209491e+00
  -2.9710201e-01
   8.2420177e-01
   1.2370664e+00
   6.5906745e-01
  -3.2569830e-01
  -1.0856792e+00
  -1.0410349e+00
   6.0263073e-02
   1.0982530e+00
   3.8927578e-01
  -1.3851133e+00
  -1.2179442e+00
   1.6179650e+00
   3.3902914e+00
   8.8154133e-01
  -3.3184934e+00
  -3.8207111e+00
   8.9026934e-03
   3.0891428e+00
   1.8048935e+00
  -1.1233861e+00
  -1.0280177e+00
   1.6184655e+00
   1.9741591e+00
  -1.5027650e+00
  -4.1860535e+00
  -2.0046422e+00
   2.4814628e+00
   3.9301563e+00
   1.5453030e+00
  -1.0709977e+00
  -1.6036559e+00
  -9.4512560e-01
  -4.9734367e-01
  -6.1103384e-01
  -9.1644533e-01
  -2.1270981e-01
   2.3175784e+00
   4.3546550e+00
   2.0345613e+00
  -3.7353188e+00
  -6.5162438e+00
  -2.7313852e+00
   3.1455225e+00
   5.0401428e+00
   2.9477036e+00
   4.4166248e-01
  -1.5776505e+00
  -3.9062979e+00
  -4.6180655e+00
  -1.0405403e+00
   4.5954519e+00
   6.2650707e+00
   1.8359851e+00
  -3.7741812e+00
  -4.7284186e+00
  -1.1642532e+00
   2.0312371e+00
   1.8105211e+00
  -9.4459633e-02
  -6.5848296e-01
   2.7770286e-01
   6.8436234e-01
  -9.6412061e-02
  -6.1295054e-01
  -1.8684486e-03
   6.2414691e-01
   6.6414678e-02
  -1.0962444e+00
  -1.2836283e+00
   6.0644036e-02
   1.7110817e+00
   1.8943861e+00
   2.0983080e-01
  -1.7667542e+00
  -1.9835822e+00
  -1.6997245e-01
   1.6808569e+00
   1.6113981e+00
   2.0954367e-02
  -1.3143678e+00
  -1.6609212e+00
  -1.1319521e+00
   5.5889095e-01
   2.7746362e+00
   2.9740497e+00
  -3.1179925e-02
  -3.2996029e+00
  -3.1940307e+00
  -2.6884115e-01
   1.9665290e+00
   1.8275574e+00
   4.5289396e-01
  -7.3014551e-01
  -1.0760343e+00
  -2.2241142e-01
   1.2927353e+00
   1.6936354e+00
   3.0557510e-02
  -2.1599652e+00
  -2.5849015e+00
  -7.9468503e-01
   1.7374485e+00
   3.0872095e+00
   2.0176179e+00
  -9.2190482e-01
  -3.1069978e+00
  -2.2802628e+00
   5.2470802e-01
   2.2204512e+00
   1.6396727e+00
   2.5793700e-01
  -6.4618627e-01
  -1.2044858e+00
  -1.4584749e+00
  -7.8162290e-01
   8.7904047e-01
   2.3728474e+00
   2.1795137e+00
  -2.3131935e-01
  -3.2642324e+00
  -3.7469151e+00
  -2.4980917e-01
   4.0829933e+00
   4.2929805e+00
   3.5194045e-03
  -3.5131918e+00
  -2.3506907e+00
   7.1106423e-01
   8.5051407e-01
  -1.2441059e+00
  -9.0102684e-01
   2.4156843e+00
   3.6786112e+00
   1.1649808e-01
  -4.1062878e+00
  -3.6922821e+00
   5.6193457e-01
   3.5601920e+00
   2.8125661e+00
   1.9342928e-01
  -1.9330943e+00
  -2.8055551e+00
  -1.8647373e+00
   1.0939281e+00
   3.7268825e+00
   2.5366354e+00
  -1.9391009e+00
  -4.3533270e+00
  -1.4081847e+00
   3.1201617e+00
   3.4887914e+00
  -3.0437827e-02
  -2.3662055e+00
  -1.4342939e+00
  -4.3229836e-02
  -2.3572537e-01
  -3.4574897e-01
   1.1147833e+00
   2.3516722e+00
   1.1590999e+00
  -1.4497922e+00
  -2.5974012e+00
  -1.3124532e+00
   7.2626506e-01
   1.6542583e+00
   1.2415025e+00
   2.4257436e-01
  -8.1381381e-01
  -1.4697854e+00
  -9.2172028e-01
   8.9712211e-01
   2.1926165e+00
   9.3769163e-01
  -1.9994668e+00
  -2.9844138e+00
  -1.0371536e-01
   3.6482613e+00
   3.6020908e+00
  -6.0202357e-01
  -4.4917486e+00
  -4.3697671e+00
  -1.0036290e+00
   2.8179683e+00
   5.3799885e+00
   5.2833993e+00
   1.0567520e+00
  -5.5684804e+00
  -8.7219695e+00
  -4.4881216e+00
   3.5160833e+00
   7.9374843e+00
   5.8295216e+00
   2.6475339e-01
  -4.3011509e+00
  -5.2978663e+00
  -2.6263994e+00
   1.0982146e+00
   2.4390367e+00
   1.2681538e+00
   9.7594687e-01
   2.7303754e+00
   2.4969626e+00
  -2.6264481e+00
  -7.6167738e+00
  -4.9362133e+00
   3.7536279e+00
   8.2204596e+00
   3.6126065e+00
  -3.0843535e+00
  -3.7505627e+00
  -9.9769937e-02
   8.8208468e-01
  -1.8835094e+00
  -2.8765879e+00
   8.0228093e-01
   4.8183449e+00
   3.7672065e+00
  -1.2292275e+00
  -4.0729286e+00
  -1.9856659e+00
   1.1035474e+00
   8.0885970e-01
  -1.1621559e+00
  -3.2824856e-01
   2.4959989e+00
   2.0040998e+00
  -2.0990282e+00
  -2.9448187e+00
   2.2798008e+00
   5.4115884e+00
  -7.8362413e-01
  -8.8817011e+00
  -6.0290335e+00
   5.6462981e+00
   1.0730711e+01
   2.9690530e+00
  -6.5225010e+00
  -6.3025858e+00
   5.6969194e-01
   3.7022253e+00
   4.5225317e-01
  -2.6080764e+00
  -7.5936945e-01
   2.7304483e+00
   2.6870617e+00
  -4.7830066e-01
  -2.3513009e+00
  -1.1416012e+00
   5.0866619e-01
   2.7285541e-02
  -1.3087585e+00
  -4.8267400e-01
   2.4376665e+00
   3.6797188e+00
   6.7914626e-01
  -3.8880698e+00
  -4.8706830e+00
  -1.0586283e+00
   3.4275582e+00
   4.4323295e+00
   1.9472363e+00
  -1.4168759e+00
  -3.2733281e+00
  -2.3712688e+00
   3.7723582e-01
   1.7899802e+00
   2.6013035e-01
  -1.2302386e+00
   5.3248811e-01
   3.1087506e+00
   1.6138932e+00
  -2.9436886e+00
  -4.0987838e+00
   3.6178423e-01
   4.4497798e+00
   2.3339015e+00
  -3.4062782e+00
  -5.3608122e+00
  -9.0193427e-01
   5.0039783e+00
   5.9880833e+00
   1.1428169e+00
  -4.5171406e+00
  -5.5158800e+00
  -1.4744361e+00
   2.9175348e+00
   3.4764813e+00
   9.9339825e-01
  -8.8915857e-01
  -8.4443711e-01
  -5.5983459e-01
  -1.0130212e+00
  -9.8410236e-01
   3.5495211e-01
   1.7400779e+00
   1.6089107e+00
   2.0567236e-01
  -9.4185316e-01
  -1.0200210e+00
  -6.8877903e-01
  -7.5280807e-01
  -6.8283867e-01
   5.4701326e-01
   2.2723823e+00
   2.3467569e+00
   5.5199408e-02
  -2.5635159e+00
  -2.9729941e+00
  -8.5554587e-01
   1.7281340e+00
   2.4870294e+00
   1.2342591e+00
  -1.7392678e-01
  -6.0116254e-01
  -1.0883709e+00
  -2.2371483e+00
  -1.9987287e+00
   1.1665366e+00
   4.3570150e+00
   3.2228310e+00
  -1.5029253e+00
  -4.3128183e+00
  -2.2196800e+00
   1.6136629e+00
   2.5569063e+00
   2.5360002e-01
  -1.8324900e+00
  -1.1984864e+00
   1.0514190e+00
   2.1744933e+00
   1.1378531e+00
  -6.7110994e-01
  -1.6068962e+00
  -1.5947778e+00
  -1.3043745e+00
  -5.1503627e-01
   1.2669461e+00
   3.0877460e+00
   3.1758857e+00
   1.1763674e+00
  -1.7164917e+00
  -4.4503882e+00
  -6.0472023e+00
  -4.2372687e+00
   2.6424808e+00
   1.0909291e+01
   1.2032751e+01
   1.9653949e+00
  -1.1433686e+01
  -1.5270838e+01
  -6.2764015e+00
   5.8583794e+00
   1.0440529e+01
   6.6064716e+00
   9.4102740e-01
  -1.6850827e+00
  -2.0722545e+00
  -2.8928689e+00
  -3.9402109e+00
  -2.8775835e+00
   4.6313398e-01
   3.2361494e+00
   3.3702542e+00
   1.8680380e+00
   5.1422790e-01
  -5.7004348e-01
  -1.7693246e+00
  -2.1118876e+00
  -5.8171411e-01
   1.2626866e+00
   3.6277620e-01
  -2.9373077e+00
  -3.3559547e+00
   2.4993106e+00
   9.0191717e+00
   6.8292152e+00
  -3.8578955e+00
  -1.1383047e+01
  -7.4427276e+00
   2.1965611e+00
   6.6538525e+00
   4.1102149e+00
   8.7776073e-01
   5.2198173e-01
   5.7905234e-01
  -1.5143382e+00
  -4.2331250e+00
  -4.1402881e+00
  -2.8842651e-01
   4.1240008e+00
   4.7496549e+00
   1.0747484e+00
  -2.6384825e+00
  -2.4879611e+00
   2.6141848e-01
   1.4202884e+00
  -1.5251893e-01
  -1.6309769e+00
  -9.5667791e-01
   7.0331514e-01
   1.6299563e+00
   1.6005474e+00
   6.0920008e-01
  -1.4636759e+00
  -3.0438948e+00
  -1.6875236e+00
   1.9824274e+00
   3.8846269e+00
   1.7264766e+00
  -1.8331630e+00
  -3.1242259e+00
  -1.9563246e+00
  -8.7862167e-02
