   1.5639943e-01
  -7.1219755e+00
  -6.0021911e+00
   9.1315210e-01
   4.5669706e+00
   1.8740408e+00
  -1.8967741e+00
  -1.7679597e+00
   1.1453025e+00
   3.0024271e+00
   2.2248361e+00
  -4.3709373e-01
  -3.6384714e+00
  -5.2590550e+00
  -2.9894417e+00
   2.5386033e+00
   6.7684379e+00
   5.6030964e+00
   1.3501812e-01
  -4.5373635e+00
  -4.8560717e+00
  -1.9280849e+00
   8.4126451e-01
   1.8015819e+00
   1.6435750e+00
   9.3659107e-01
  -4.7918766e-01
  -1.4320950e+00
   3.4452605e-02
   2.7250663e+00
   2.5321939e+00
  -1.3902338e+00
  -4.5451881e+00
  -3.4014334e+00
   7.7093779e-02
   2.3393919e+00
   2.8961717e+00
   2.7898028e+00
   1.6856044e+00
  -8.8579506e-01
  -3.3578270e+00
  -3.5955014e+00
  -1.7317270e+00
   3.6224919e-01
   2.0353565e+00
   3.8497222e+00
   4.3578080e+00
   7.1153888e-01
  -5.4540836e+00
  -7.2434279e+00
  -1.5188762e+00
   5.4045221e+00
   5.8227794e+00
   8.5330459e-01
  -2.4551340e+00
  -1.4221718e+00
   4.7920099e-02
  -1.5098180e+00
  -3.9165660e+00
  -2.1543044e+00
   4.4122746e+00
   9.0231492e+00
   4.6610237e+00
  -5.7131493e+00
  -1.0980478e+01
  -5.5131358e+00
   4.1923029e+00
   8.5003285e+00
   5.2197283e+00
  -8.1959096e-01
  -4.3624751e+00
  -3.7968689e+00
  -1.2928751e+00
   1.4271732e-01
   5.3529171e-01
   2.1173296e+00
   4.1058336e+00
   2.5308485e+00
  -2.9075775e+00
  -6.4345940e+00
  -3.5292686e+00
   2.7463889e+00
   5.6816734e+00
   3.0627330e+00
  -1.3621324e+00
  -3.3100678e+00
  -2.0364666e+00
   4.8969689e-01
   1.8167404e+00
   6.2036480e-01
  -1.7919024e+00
  -2.1615397e+00
   7.3472641e-01
   3.8299921e+00
   3.3408746e+00
  -4.3458558e-01
  -3.7464001e+00
  -4.0290235e+00
  -1.8724287e+00
   1.1639984e+00
   3.9208929e+00
   4.4539487e+00
   1.0438320e+00
  -4.0108980e+00
  -5.2063278e+00
  -7.1318806e-01
   4.5361412e+00
   4.6555705e+00
  -4.3002495e-01
  -5.2661536e+00
  -4.7736166e+00
   5.2327992e-01
   5.1108183e+00
   4.6605316e+00
   6.1059375e-01
  -2.5497630e+00
  -2.9202920e+00
  -1.9285258e+00
  -8.3971801e-01
   4.8349286e-01
   1.7266463e+00
   1.8679655e+00
   1.0393422e+00
   3.6878999e-01
  -1.6941755e-01
  -1.4599624e+00
  -2.6916547e+00
  -1.7448457e+00
   1.2092693e+00
   3.1392651e+00
   2.2918083e+00
   2.7318929e-01
  -1.2422860e+00
  -2.6225720e+00
  -3.3363001e+00
  -9.9537674e-01
   3.7664556e+00
   5.6407123e+00
   1.6155520e+00
  -3.9511905e+00
  -4.9059774e+00
  -1.1053500e+00
   2.4434911e+00
   2.2325631e+00
  -2.7536136e-01
  -1.1575666e+00
   8.4846559e-01
   2.4067373e+00
   1.9738736e-01
  -3.4412932e+00
  -3.0861678e+00
   1.4621858e+00
   4.1382399e+00
   1.4121241e+00
  -2.6271841e+00
  -2.7742699e+00
   1.1657789e-02
   1.5749386e+00
   1.2157280e+00
   9.4790485e-01
   7.4755854e-01
  -7.9216827e-01
  -2.5921405e+00
  -2.1198234e+00
   4.4122132e-01
   2.4313586e+00
   2.4609201e+00
   1.1162778e+00
  -1.0425695e+00
  -3.2007223e+00
  -3.0736727e+00
   4.7618975e-01
   4.1506459e+00
   3.4690927e+00
  -6.8673247e-01
  -3.0596673e+00
  -1.8000730e+00
  -2.4013959e-01
  -2.8118629e-01
   1.6849609e-01
   1.7953576e+00
   1.8498923e+00
  -3.7723896e-01
  -1.3293176e+00
   8.9290895e-01
   2.6051403e+00
  -2.3484241e-01
  -5.4361298e+00
  -6.4124499e+00
  -1.8737272e-01
   8.0674329e+00
   9.4538113e+00
   1.3508038e+00
  -7.8876135e+00
  -7.8007674e+00
   5.7266686e-01
   5.6471204e+00
   1.5429991e+00
  -3.9477423e+00
  -2.1577745e+00
   3.1755890e+00
   3.1538716e+00
  -1.4135635e+00
  -2.1887128e+00
   2.3267702e+00
   4.4504410e+00
  -4.4231620e-01
  -7.1511072e+00
  -7.7969009e+00
  -8.6708136e-01
   7.9288948e+00
   1.0830683e+01
   4.5374195e+00
  -5.7551189e+00
  -1.0311012e+01
  -5.4010621e+00
   2.4854697e+00
   5.3242106e+00
   2.8699594e+00
   2.3426447e-01
  -7.9233374e-02
   3.1965337e-01
  -2.5720396e-01
  -1.7566241e+00
  -3.1998974e+00
  -2.6402017e+00
   1.6130161e+00
   6.7520298e+00
   5.7258102e+00
  -3.2654004e+00
  -1.0679604e+01
  -6.1400866e+00
   6.4571914e+00
   1.2217717e+01
   4.3823131e+00
  -7.1458704e+00
  -9.3407356e+00
  -2.1090610e+00
   4.1408051e+00
   3.2116200e+00
  -7.1423719e-01
  -1.0122965e+00
   2.4376064e+00
   4.2203771e+00
   9.1830204e-01
  -4.6895264e+00
  -6.8577903e+00
  -2.9606064e+00
   3.9270107e+00
   7.6108658e+00
   4.3029175e+00
  -2.9635688e+00
  -6.5458957e+00
  -3.0420636e+00
   2.3125214e+00
   3.2983390e+00
   1.0288141e+00
  -5.8339032e-02
   5.3674057e-02
  -9.4960681e-01
  -2.1693220e+00
  -1.4890024e+00
   5.8775352e-01
   2.6105595e+00
   3.6614367e+00
   1.7604545e+00
  -3.7440478e+00
  -7.5944037e+00
  -3.3333288e+00
   6.1110116e+00
   9.7502197e+00
   2.9065072e+00
  -6.2356729e+00
  -7.8615593e+00
  -2.6269929e+00
   2.0948176e+00
   3.3122480e+00
   3.5083704e+00
   3.5175541e+00
   1.2141471e+00
  -3.1860533e+00
  -5.9326598e+00
  -4.3502126e+00
   3.9363182e-01
   4.7611695e+00
   5.3481936e+00
   1.4458597e+00
  -3.3408654e+00
  -3.9394339e+00
   1.9945974e-01
   3.8233466e+00
   2.1961689e+00
  -2.8832172e+00
  -5.3116694e+00
  -2.1519864e+00
   3.1334997e+00
   5.1586578e+00
   2.7047403e+00
  -8.1197772e-01
  -2.1304002e+00
  -1.5567987e+00
  -1.1808489e+00
  -1.5204978e+00
  -1.4062203e+00
  -6.3131410e-02
   2.1697587e+00
   4.2730217e+00
   4.4593575e+00
   9.3684944e-01
  -5.2866511e+00
  -8.9660424e+00
  -4.8224132e+00
   5.1112666e+00
   1.0774770e+01
   4.9851660e+00
  -5.9343111e+00
  -8.6234926e+00
  -4.0546726e-01
   7.0394361e+00
   4.2722163e+00
  -3.6205506e+00
  -6.1483949e+00
  -1.9768391e+00
   2.2944527e+00
   3.2747662e+00
   3.0136203e+00
   2.3386292e+00
  -2.9053223e-01
  -3.6522581e+00
  -4.1565450e+00
  -1.5964428e+00
   6.3327255e-01
   9.5095552e-01
   1.2032515e+00
   2.8766577e+00
   4.4080867e+00
   2.8907589e+00
  -2.2599308e+00
  -7.6336595e+00
  -8.2252181e+00
  -2.2414531e+00
   6.2014376e+00
   1.0003448e+01
   5.9297441e+00
  -1.7947023e+00
  -6.1462566e+00
  -4.9589300e+00
  -1.8497561e+00
  -1.8696248e-01
   5.8173946e-01
   2.0374872e+00
   3.5214109e+00
   3.3171246e+00
   9.7502124e-01
  -2.3536599e+00
  -4.3825096e+00
  -3.2693936e+00
  -2.5664925e-01
   1.5068670e+00
   1.8494320e+00
   3.0994339e+00
   3.9932356e+00
   4.5161962e-01
  -5.9807400e+00
  -7.6350733e+00
  -1.3141356e+00
   6.6149612e+00
   8.1550057e+00
   2.3364038e+00
  -5.1645273e+00
  -7.7100390e+00
  -3.1019364e+00
   4.0708550e+00
   6.4070162e+00
   1.8995163e+00
  -3.6694521e+00
  -4.1247934e+00
  -3.2156117e-02
   3.4412414e+00
   3.0145524e+00
  -4.6153822e-01
  -3.8904133e+00
  -4.1228077e+00
  -2.1517179e-01
   4.7213628e+00
   5.5943019e+00
   1.0683809e+00
  -4.2317015e+00
  -5.1328002e+00
  -1.9460459e+00
   1.1977740e+00
   2.3444696e+00
   2.7699604e+00
   2.9766760e+00
   1.5053393e+00
  -1.8710004e+00
  -4.9056583e+00
  -5.3721681e+00
  -2.5533062e+00
   2.9955291e+00
   8.3543389e+00
   8.4685928e+00
   1.3394445e+00
  -7.9504143e+00
  -1.1577936e+01
  -6.5242016e+00
   3.4071582e+00
   1.0759072e+01
   9.6109499e+00
   1.2435838e+00
  -6.1522584e+00
  -6.8950092e+00
  -3.8612246e+00
  -1.3538293e+00
   1.8185094e+00
   6.0753996e+00
   5.6640778e+00
  -1.6465974e+00
  -6.8166518e+00
  -2.0033357e+00
   5.5825480e+00
   3.9067915e+00
  -4.7304873e+00
  -7.1871484e+00
   2.5837219e-01
   7.1590964e+00
   5.0887411e+00
  -1.5805196e+00
  -4.3975256e+00
  -2.7130070e+00
  -1.2673798e+00
  -5.9260961e-01
   2.5945345e+00
   6.5330420e+00
   4.4265172e+00
  -4.1888425e+00
  -9.6965387e+00
  -4.8818011e+00
   4.6149161e+00
   7.9242822e+00
   2.9509789e+00
  -2.8970718e+00
  -3.6117304e+00
  -7.6780160e-01
   1.0271963e+00
   4.6450862e-01
  -5.0652302e-01
  -5.3702477e-01
  -4.4228824e-02
   6.2485683e-01
   1.5108211e+00
   1.5188432e+00
  -5.6242184e-01
  -2.9684009e+00
  -2.2061028e+00
   1.3881923e+00
   3.0445201e+00
   4.9931511e-01
  -2.2725713e+00
  -1.1189450e+00
   1.8857943e+00
   1.8040961e+00
  -1.5088097e+00
  -3.0967294e+00
  -7.9028267e-02
   3.9592111e+00
   3.3699699e+00
  -1.8639428e+00
  -5.3463195e+00
  -2.4958447e+00
   2.8367911e+00
   3.5343388e+00
  -4.0697163e-01
  -1.9878095e+00
   1.6467385e+00
   4.1682996e+00
  -1.9377925e-01
  -6.6248326e+00
  -5.7478504e+00
   2.2518678e+00
   7.1594067e+00
   3.4900155e+00
  -2.2061065e+00
  -2.5308533e+00
  -5.9978157e-02
  -6.9869303e-01
  -2.6278394e+00
  -3.4485035e-01
   4.0650815e+00
   3.1056541e+00
  -3.1975885e+00
  -5.4504471e+00
   1.1691745e+00
   8.2194171e+00
   5.0296056e+00
  -5.7044798e+00
  -1.0789198e+01
  -4.1003556e+00
   6.0964224e+00
   8.8637776e+00
   3.3750715e+00
  -2.9235908e+00
  -4.4978012e+00
  -2.3365545e+00
  -6.1265345e-02
   1.0602084e+00
   1.7468554e+00
   1.3882373e+00
  -1.0894678e+00
  -3.2293902e+00
  -9.8732385e-01
   4.0355586e+00
   4.9005971e+00
  -6.0032045e-01
  -5.6762248e+00
  -3.9861185e+00
   1.4720405e+00
   3.5600132e+00
   1.2772145e+00
  -6.7348331e-01
  -1.8268833e-01
   3.6097423e-01
  -3.4966168e-01
  -6.1394242e-01
   2.2311126e-01
   3.1169794e-01
  -1.1212691e+00
  -2.0344070e+00
  -5.8720569e-01
   2.1894367e+00
   3.6763455e+00
   2.3951924e+00
  -9.1471255e-01
  -3.8784530e+00
  -4.0909653e+00
  -1.2209033e+00
   2.3405048e+00
   3.5446262e+00
   1.6629101e+00
  -7.7660675e-01
  -7.2086322e-01
   1.0725099e+00
   4.1222885e-01
  -3.4651753e+00
  -4.7548128e+00
   5.1036207e-01
   6.4072296e+00
   4.6220398e+00
  -2.4984978e+00
  -5.0339363e+00
  -4.8529901e-01
   3.4145561e+00
   1.2690118e+00
  -2.9389438e+00
  -3.2462484e+00
   1.8485377e-01
   3.1051853e+00
   3.2603981e+00
   1.4353530e+00
  -1.1563551e+00
  -3.3700634e+00
  -3.3626692e+00
  -4.4203473e-01
   2.9386941e+00
   3.5120664e+00
   9.8725741e-01
  -2.0544454e+00
  -3.0486717e+00
  -1.2719298e+00
   1.7926517e+00
   3.2096249e+00
   1.1970111e+00
  -2.3599980e+00
  -3.3117980e+00
  -1.6305091e-01
   3.3752346e+00
   2.5630008e+00
  -1.9076731e+00
  -4.2542839e+00
  -1.1703192e+00
   3.6938959e+00
   4.4736880e+00
   2.9810978e-01
  -4.1440082e+00
  -4.2434215e+00
  -2.1540874e-01
   3.5440380e+00
   3.3053821e+00
   9.6715208e-02
  -1.8574087e+00
  -8.4355381e-01
   3.6874830e-01
  -8.6830622e-01
  -2.9261511e+00
  -1.9085103e+00
   3.0970076e+00
   7.5214014e+00
   5.1666791e+00
  -3.8767939e+00
  -1.0948181e+01
  -7.9698853e+00
   2.3964548e+00
   9.7786061e+00
   8.2837346e+00
   1.4174813e+00
  -4.4048819e+00
  -6.3806573e+00
  -4.8481158e+00
  -8.9334322e-01
   3.4386691e+00
   5.2024850e+00
   3.1031418e+00
  -7.9586385e-01
  -3.1240150e+00
  -2.5617556e+00
  -4.7966942e-01
   1.1032927e+00
   1.2569791e+00
   3.4905746e-01
  -5.0191652e-01
  -4.2069005e-01
   2.4055004e-01
   3.7338582e-01
  -1.1152982e-01
  -2.2315139e-02
   8.3380266e-01
   6.5922391e-01
  -1.3230115e+00
  -2.5984041e+00
  -8.2747886e-01
   2.0300519e+00
   2.4558025e+00
   7.8441415e-01
   1.4970369e-02
   3.0310078e-01
  -1.0466849e+00
  -3.9215239e+00
  -3.9157833e+00
   1.2638925e+00
   6.7755790e+00
   5.8880441e+00
  -8.5117596e-01
  -6.0839874e+00
  -5.2140293e+00
  -9.1715376e-01
   2.4198267e+00
   3.7529810e+00
   3.3101745e+00
   5.0195473e-01
  -3.2000645e+00
  -3.6824261e+00
  -1.0797300e-01
   2.4983503e+00
   5.7450265e-01
  -2.0299805e+00
  -2.9740680e-01
   3.4071003e+00
   2.9762029e+00
  -1.6516843e+00
  -4.5039566e+00
  -2.4288609e+00
   1.3346836e+00
   2.5159467e+00
   9.5518339e-01
  -2.9972610e-01
   7.6838272e-01
   2.3287006e+00
   5.1801971e-01
  -4.6798762e+00
  -6.9243697e+00
  -9.6738563e-01
   8.1399156e+00
   9.3600663e+00
   3.1874524e-01
  -8.5687829e+00
  -7.3934000e+00
   8.7046321e-01
   5.4411293e+00
   2.2847998e+00
  -1.9243240e+00
  -8.3741585e-01
   2.5234096e+00
   1.8277363e+00
  -2.1537307e+00
  -3.4405473e+00
  -5.6168141e-01
   1.9554302e+00
   1.0511391e+00
  -1.0566976e+00
  -9.9002523e-01
   1.2425309e+00
   2.8534956e+00
   1.8112900e+00
  -1.1649174e+00
  -3.6208070e+00
  -3.7251060e+00
  -1.5937734e+00
   1.3409268e+00
   3.8191851e+00
   5.1976679e+00
   4.4636595e+00
   1.0427250e-01
  -7.0785795e+00
  -1.1313704e+01
  -6.0206504e+00
   6.5866217e+00
   1.4156527e+01
   8.0502938e+00
  -4.5643817e+00
  -9.5042388e+00
  -3.9401519e+00
   2.2028433e+00
   1.7178064e+00
  -1.7504805e+00
  -1.8204575e+00
   1.5676918e+00
   3.9781620e+00
   3.1712294e+00
   6.5634922e-01
  -1.6539748e+00
  -3.1455171e+00
  -3.3270533e+00
  -1.8208539e+00
   4.6898082e-01
   2.2466794e+00
   3.2066831e+00
   3.0577629e+00
   9.9111036e-01
  -2.3554876e+00
  -4.4073568e+00
  -3.3424540e+00
   7.5269058e-02
