   6.7304200e-02
  -2.3989197e+00
   1.7722032e+00
   9.5972206e-01
  -2.2608318e+00
   6.3117162e-01
   1.4454696e+00
  -1.2192973e+00
  -5.4819688e-01
   1.0387134e+00
   3.8086048e-01
  -1.1775823e+00
  -4.7104627e-01
   2.1440514e+00
  -2.2315662e-01
  -3.2325311e+00
   2.0041771e+00
   3.2678739e+00
  -3.9701236e+00
  -1.8444999e+00
   4.7905905e+00
  -1.8007671e-01
  -3.9219100e+00
   1.3885980e+00
   2.1260687e+00
  -1.0432678e+00
  -8.0029531e-01
  -3.1308811e-01
   7.3137536e-01
   1.4765222e+00
  -1.5085665e+00
  -1.7654945e+00
   2.1741052e+00
   1.4997247e+00
  -2.2975188e+00
  -1.3417826e+00
   2.2155774e+00
   1.4547859e+00
  -2.3483618e+00
  -1.5075148e+00
   2.6714102e+00
   1.2429122e+00
  -2.9293902e+00
  -6.8222101e-01
   2.9800493e+00
  -9.4570178e-02
  -2.7155660e+00
   9.6232869e-01
   1.9574556e+00
  -1.5322722e+00
  -7.6776357e-01
   1.3134204e+00
  -2.6939170e-01
  -3.1899501e-01
   4.6353502e-01
  -7.0384489e-01
   1.7453723e-01
   9.7555517e-01
  -8.3111234e-01
  -5.8758744e-01
   8.5270522e-01
   3.5937495e-01
  -5.9928681e-01
  -6.7805478e-01
   9.1912830e-01
   8.7351674e-01
  -1.8282588e+00
  -1.2813747e-01
   2.2574709e+00
  -1.2362580e+00
  -1.3783440e+00
   1.9360560e+00
  -2.2331023e-01
  -1.2467289e+00
   1.1354780e+00
  -1.0699867e-01
  -7.0366608e-01
   7.7109698e-01
  -3.6312289e-01
  -1.5898927e-01
   8.6767046e-01
  -1.1463029e+00
  -2.4430176e-01
   2.0895863e+00
  -1.1322129e+00
  -2.0066013e+00
   2.3609670e+00
   1.0371289e+00
  -2.6681427e+00
  -1.8543286e-02
   1.9985376e+00
  -1.1520334e-01
  -1.1637296e+00
  -8.3807305e-01
   1.2034072e+00
   2.0477369e+00
  -2.3902613e+00
  -2.3623536e+00
   3.9337233e+00
   1.3772458e+00
  -4.7496155e+00
   3.0179686e-01
   4.4091966e+00
  -1.7727600e+00
  -3.2789749e+00
   2.5848482e+00
   1.9581148e+00
  -2.8191988e+00
  -7.9126827e-01
   2.7365620e+00
  -2.0034669e-01
  -2.4472978e+00
   1.1177243e+00
   1.7838550e+00
  -1.8526270e+00
  -5.2901954e-01
   1.8985224e+00
  -1.0388734e+00
  -7.5020929e-01
   1.9380226e+00
  -1.2792713e+00
  -1.2262466e+00
   2.8590855e+00
  -8.7346510e-01
  -2.6729190e+00
   2.8359955e+00
   7.6010849e-01
  -3.1161360e+00
   1.3793243e+00
   1.5916400e+00
  -2.1552186e+00
   3.9571780e-01
   1.2727171e+00
  -1.3888691e+00
   2.8975945e-01
   1.0008486e+00
  -1.4154767e+00
   1.8186293e-01
   1.6693468e+00
  -1.4301259e+00
  -1.1711697e+00
   2.3168328e+00
   1.8043417e-01
  -2.6123957e+00
   9.7796600e-01
   2.2183004e+00
  -1.8755956e+00
  -1.3217045e+00
   2.2118147e+00
   3.6497258e-01
  -2.0781833e+00
   3.2810430e-01
   1.8064249e+00
  -8.0782056e-01
  -1.5418234e+00
   1.2702905e+00
   1.1198172e+00
  -1.6843523e+00
  -3.8053947e-01
   1.7850983e+00
  -5.5465028e-01
  -1.3698321e+00
   1.3662551e+00
   4.8636106e-01
  -1.7715689e+00
   6.1485043e-01
   1.6493350e+00
  -1.6102078e+00
  -1.0638682e+00
   2.2255923e+00
   2.4693025e-01
  -2.3547089e+00
   5.0227664e-01
   2.1000466e+00
  -9.7226254e-01
  -1.6677880e+00
   1.0947306e+00
   1.2486107e+00
  -8.7287765e-01
  -1.0376875e+00
   3.9297768e-01
   1.2302825e+00
   5.0834418e-02
  -1.7851626e+00
  -7.0458662e-02
   2.2474270e+00
  -3.8839803e-01
  -2.0794772e+00
   8.7887417e-01
   1.2478836e+00
  -9.0469426e-01
  -3.0000941e-01
   4.4902040e-01
  -2.2264864e-01
   9.6152836e-02
   2.9797942e-01
  -4.6145730e-01
  -2.6283040e-01
   8.0448028e-01
   2.6605386e-01
  -1.4388073e+00
  -3.2290189e-02
   2.3341262e+00
  -8.0165388e-01
  -2.9802905e+00
   2.1559547e+00
   2.8047909e+00
  -3.3751448e+00
  -1.7594183e+00
   3.7204778e+00
   4.7123149e-01
  -3.0498158e+00
   2.7599257e-01
   1.9562167e+00
  -2.3364444e-01
  -1.1979915e+00
  -1.7644330e-01
   1.0531851e+00
   3.5341785e-01
  -1.2186765e+00
  -4.4468111e-02
   1.1863566e+00
  -5.4368890e-01
  -6.3627786e-01
   9.6388034e-01
  -4.1103296e-01
  -7.7780260e-01
   1.6049640e+00
  -2.4512394e-01
  -2.3499640e+00
   1.8910228e+00
   2.1078057e+00
  -3.4185984e+00
  -9.2275951e-01
   4.0265583e+00
  -3.9513687e-01
  -3.6537262e+00
   9.4687626e-01
   3.1419215e+00
  -7.0282141e-01
  -3.3326631e+00
   5.4239358e-01
   4.0852511e+00
  -1.2271240e+00
  -4.4264404e+00
   2.5138497e+00
   3.6393440e+00
  -3.4074137e+00
  -2.0066429e+00
   3.1796939e+00
   4.5378230e-01
  -1.9952846e+00
   3.8141383e-01
   5.5017445e-01
  -5.8850878e-01
   7.2362100e-01
   5.4370769e-01
  -1.9102610e+00
  -2.6664118e-01
   3.1172964e+00
  -5.7607847e-01
  -4.0029517e+00
   2.0935725e+00
   3.9596799e+00
  -3.8024263e+00
  -2.6849168e+00
   4.8554532e+00
   5.2096258e-01
  -4.5619586e+00
   1.6560415e+00
   2.8125713e+00
  -2.8741410e+00
  -2.1645853e-01
   2.6076686e+00
  -2.1813606e+00
  -1.0876330e+00
   3.5111950e+00
  -8.8971842e-01
  -3.5665543e+00
   2.5157322e+00
   2.7733118e+00
  -3.4277989e+00
  -1.7355414e+00
   3.7605393e+00
   8.0080643e-01
  -3.8474588e+00
   2.8571255e-02
   3.8856896e+00
  -8.9057689e-01
  -3.8408169e+00
   1.8517809e+00
   3.5673242e+00
  -2.8563883e+00
  -2.9315113e+00
   3.7575736e+00
   1.8725640e+00
  -4.3350892e+00
  -4.6739283e-01
   4.3430619e+00
  -1.0253103e+00
  -3.6274004e+00
   2.2029839e+00
   2.2577764e+00
  -2.6452126e+00
  -6.0413855e-01
   2.1378427e+00
  -7.2974914e-01
  -9.1780468e-01
   1.1985125e+00
  -3.2098708e-01
  -7.1548986e-01
   8.1299665e-01
  -1.8162331e-01
  -2.5047160e-01
   6.2344129e-01
  -9.5446396e-01
  -1.0384625e-02
   1.8847955e+00
  -1.4840970e+00
  -1.7522095e+00
   2.9541113e+00
   5.3798467e-01
  -3.4574860e+00
   1.0013041e+00
   2.7653928e+00
  -2.0503722e+00
  -1.3656600e+00
   2.3596474e+00
  -1.8319494e-01
  -2.0997841e+00
   1.6402025e+00
   1.3549446e+00
  -2.8036620e+00
  -9.9322646e-02
   3.2062749e+00
  -1.3195359e+00
  -2.4968438e+00
   2.0642780e+00
   1.1500686e+00
  -1.5872972e+00
  -3.6623809e-01
   4.9482708e-01
   8.8438838e-01
  -1.8726061e-01
  -2.0324546e+00
   1.3834469e+00
   2.3314623e+00
  -3.2309951e+00
  -1.1008964e+00
   4.1571103e+00
  -7.9353805e-01
  -3.5179938e+00
   1.9210651e+00
   2.1489517e+00
  -1.8112790e+00
  -1.2620817e+00
   1.2439162e+00
   1.0990664e+00
  -1.0993535e+00
  -9.2784367e-01
   1.3211638e+00
   1.8012464e-01
  -1.2173605e+00
   8.4988481e-01
   4.7289890e-01
  -1.5064177e+00
   5.1894676e-01
   1.5925864e+00
  -1.2576565e+00
  -1.4354590e+00
   1.7168996e+00
   1.2882641e+00
  -2.1790456e+00
  -9.6162172e-01
   2.6541340e+00
   1.5356110e-01
  -2.7013540e+00
   9.7468162e-01
   1.9259282e+00
  -1.7362175e+00
  -5.8888186e-01
   1.5490734e+00
  -4.2814635e-01
  -6.2670773e-01
   4.0927339e-01
  -8.8550030e-02
   4.1962312e-01
  -1.8289895e-01
  -1.0214658e+00
   1.2460163e+00
   5.4898697e-01
  -2.1163641e+00
   8.5299504e-01
   1.9932281e+00
  -2.2882719e+00
  -9.1647804e-01
   2.9668982e+00
  -4.6860085e-01
  -2.6772939e+00
   1.4850193e+00
   1.6765042e+00
  -1.7017051e+00
  -5.1969147e-01
   1.0564197e+00
  -1.0400539e-01
  -2.3380794e-02
  -1.3870378e-01
  -6.1057450e-01
   7.9530091e-01
   5.2866919e-01
  -1.0815130e+00
  -2.8741583e-01
   9.0255438e-01
   5.3858649e-01
  -1.0019365e+00
  -9.8458939e-01
   1.8191573e+00
   6.5746804e-01
  -2.6169263e+00
   6.8342295e-01
   2.2810518e+00
  -2.0047777e+00
  -8.2413693e-01
   2.2136350e+00
  -5.2092594e-01
  -1.5298342e+00
   8.3156009e-01
   1.1246646e+00
  -5.9716276e-01
  -1.5336714e+00
   9.5587958e-01
   1.9778606e+00
  -2.1692824e+00
  -1.3769272e+00
   3.2856000e+00
  -3.5054489e-01
  -3.2183076e+00
   2.1894751e+00
   1.8448601e+00
  -3.0038528e+00
  -5.9692207e-02
   2.4577752e+00
  -1.0180168e+00
  -1.1525779e+00
   8.5336999e-01
   8.3917795e-02
   2.3677834e-01
   7.3435774e-02
  -1.4049513e+00
   6.2932669e-01
   1.9051849e+00
  -1.5771196e+00
  -1.5696073e+00
   2.1488108e+00
   7.4897799e-01
  -2.1247701e+00
   1.4242461e-01
   1.5862982e+00
  -8.9432580e-01
  -6.0180562e-01
   1.3162287e+00
  -7.3606849e-01
  -1.1011781e+00
   1.9970380e+00
   2.0231077e-01
  -2.5435313e+00
   8.1715308e-01
   2.1948737e+00
  -1.2399533e+00
  -1.4458801e+00
   9.5817589e-01
   7.9622215e-01
  -3.6125633e-01
  -2.5915514e-01
  -4.3684460e-01
  -1.2398645e-01
   1.6035866e+00
  -2.2582579e-01
  -2.7063240e+00
   1.7155537e+00
   2.5898264e+00
  -3.5163508e+00
  -7.0206586e-01
   3.9830120e+00
  -1.8302088e+00
  -2.4269702e+00
   3.0899460e+00
   4.5763870e-02
  -2.3677177e+00
   1.3005317e+00
   8.5483791e-01
  -1.0835015e+00
  -1.7378684e-01
   4.8554125e-01
   5.4609007e-01
  -7.6969369e-01
  -7.9234327e-01
   1.7358425e+00
  -5.8924377e-05
  -2.1131114e+00
   1.3262457e+00
   1.1966305e+00
  -1.9462049e+00
   3.4158150e-01
   1.3820206e+00
  -1.2891936e+00
  -4.1566819e-01
   1.2604169e+00
   1.1381300e-01
  -1.0145134e+00
  -5.9650131e-01
   1.4355368e+00
   9.6983221e-01
  -2.4275708e+00
  -4.3171825e-01
   3.0055181e+00
  -7.6852384e-01
  -2.4202952e+00
   1.5869564e+00
   1.0045105e+00
  -1.3112597e+00
   1.9164733e-01
   2.4611923e-01
  -4.6750238e-01
   7.5012881e-01
  -3.6808294e-02
  -1.1397644e+00
   8.0039344e-01
   9.1966202e-01
  -1.4552993e+00
  -2.6355534e-01
   1.7653514e+00
  -6.0681057e-01
  -1.5216174e+00
   1.2718173e+00
   8.0959045e-01
  -1.2965305e+00
  -1.7753274e-01
   7.3322053e-01
   2.0175328e-01
  -2.0998333e-01
  -8.8466505e-01
   3.5822729e-01
   1.6401218e+00
  -1.2464941e+00
  -1.8519830e+00
   2.4242741e+00
   1.3393901e+00
  -3.3740682e+00
  -3.3324778e-01
   3.8299912e+00
  -8.2259267e-01
  -3.7676536e+00
   1.8686212e+00
   3.2524863e+00
  -2.6198647e+00
  -2.3821391e+00
   2.9258246e+00
   1.3329366e+00
  -2.7508949e+00
  -3.2811138e-01
   2.2448970e+00
  -5.0870222e-01
  -1.6138853e+00
   1.1970742e+00
   9.2492768e-01
  -1.7366376e+00
  -1.3946199e-01
   1.9745167e+00
  -6.4586388e-01
  -1.7512734e+00
   1.1028135e+00
   1.1873918e+00
  -9.2393901e-01
  -7.1832554e-01
   1.5538106e-01
   7.6700024e-01
   8.1017897e-01
  -1.4273789e+00
  -1.5549004e+00
   2.5028649e+00
   1.8537014e+00
  -3.7364774e+00
  -1.6202430e+00
   4.8962608e+00
   8.1788717e-01
  -5.7116444e+00
   4.8594656e-01
   5.8637078e+00
  -2.0077216e+00
  -5.1242218e+00
   3.2330834e+00
   3.5994516e+00
  -3.6288246e+00
  -1.8676934e+00
   3.0780380e+00
   6.8701334e-01
  -2.1414486e+00
  -3.3354148e-01
   1.6394870e+00
   2.8332649e-01
  -1.8165467e+00
   2.3033827e-01
   2.0783826e+00
  -1.3573627e+00
  -1.6786145e+00
   2.4899704e+00
   5.1266413e-01
  -2.9199847e+00
   8.6131425e-01
   2.4510436e+00
  -1.7976607e+00
  -1.4018972e+00
   1.9961928e+00
   2.4605509e-01
  -1.5117757e+00
   6.4562927e-01
   5.9352569e-01
  -1.0646867e+00
   4.3332373e-01
   9.6779845e-01
  -1.2597421e+00
  -4.5111076e-01
   1.6676104e+00
  -3.1441375e-01
  -1.5408723e+00
   1.0953954e+00
   8.8116494e-01
  -1.5749706e+00
   8.8773368e-02
   1.5037408e+00
  -9.0914012e-01
  -1.0060371e+00
   1.2011362e+00
   6.1221278e-01
  -1.0940389e+00
  -7.7426859e-01
   1.1767547e+00
   1.3549268e+00
  -1.9040674e+00
  -1.7363760e+00
   3.1351396e+00
   1.4042414e+00
  -4.2841771e+00
  -3.1703223e-01
   4.7601968e+00
  -1.1559788e+00
  -4.2375587e+00
   2.4035685e+00
   2.8027160e+00
  -2.7643769e+00
  -1.0799135e+00
   1.9396052e+00
   3.3476269e-02
  -3.9743812e-01
  -2.9804026e-01
  -8.1764330e-01
   1.6091208e+00
   8.7200884e-01
  -2.9949770e+00
   2.5135058e-01
   3.5341877e+00
  -1.8712057e+00
  -2.9099031e+00
   3.1378588e+00
   1.4377573e+00
  -3.4603975e+00
   1.8323733e-01
   2.7339063e+00
  -1.2149350e+00
  -1.3713263e+00
   1.2625569e+00
   4.6212095e-02
  -4.5029554e-01
   6.8853645e-01
  -7.3210097e-01
  -6.1060331e-01
   1.6703179e+00
  -1.0084651e-01
  -1.8591385e+00
   8.7005283e-01
   1.2453724e+00
  -1.0393585e+00
  -3.9885446e-01
   4.3866789e-01
   8.3895986e-02
   4.2459253e-01
  -5.5748047e-01
  -8.7927604e-01
   1.4109331e+00
   7.1045790e-01
  -2.0722826e+00
  -1.9237396e-01
   2.2736504e+00
  -3.0424339e-01
  -2.0595781e+00
   5.3837315e-01
   1.6203706e+00
  -3.5556564e-01
  -1.2800599e+00
  -2.6587203e-01
   1.4910197e+00
   9.5635587e-01
  -2.4867842e+00
  -9.3879863e-01
   3.7540654e+00
  -3.0020102e-01
  -4.1225634e+00
   2.1869075e+00
   2.8071309e+00
  -3.2493376e+00
  -3.9777982e-01
   2.4296711e+00
  -1.4541467e+00
  -1.5440768e-01
   1.4642420e+00
  -2.0078770e+00
   1.9845614e-01
   2.7109314e+00
  -2.1964331e+00
  -1.8475245e+00
   3.2514804e+00
   3.6393856e-01
  -3.0615373e+00
   7.3690401e-01
   2.1853356e+00
  -1.1410712e+00
  -1.2883676e+00
   1.1379706e+00
   6.2594774e-01
  -1.1013405e+00
  -9.8699842e-02
