   1.3793721e-02
   1.7852531e+00
  -9.9143897e-01
  -6.6420654e-01
   7.3392081e-01
  -9.6456897e-02
   3.0720582e-01
  -4.7596672e-01
  -5.7600937e-01
   1.5670052e+00
  -5.5610410e-01
  -1.6394756e+00
   2.0096144e+00
   3.5114968e-01
  -2.3938727e+00
   1.1658298e+00
   1.6300486e+00
  -1.8255474e+00
  -7.6011935e-01
   1.7789621e+00
   4.5832118e-01
  -1.8601066e+00
  -3.0985128e-01
   2.2756701e+00
  -3.6572631e-01
  -2.3250344e+00
   1.4111504e+00
   1.3941365e+00
  -1.8933280e+00
   1.4452181e-01
   1.1855361e+00
  -1.2365129e+00
   2.9347292e-01
   1.2301260e+00
  -1.5098354e+00
  -4.6278914e-01
   1.8186103e+00
  -2.0238613e-01
  -1.4395077e+00
   2.5317349e-01
   1.0663960e+00
   6.1479676e-02
  -1.1128513e+00
  -8.1418532e-02
   1.2884257e+00
  -4.9393824e-01
  -9.2183173e-01
   1.1505990e+00
  -2.1052550e-01
  -9.9935172e-01
   1.4364235e+00
  -2.3798273e-01
  -1.7426967e+00
   1.8101937e+00
   8.0655172e-01
  -2.6413560e+00
   6.8165937e-01
   2.3622048e+00
  -1.7754264e+00
  -1.4856204e+00
   2.1575107e+00
   6.5490227e-01
  -2.1369745e+00
  -1.3835155e-02
   1.9820380e+00
  -5.8706000e-01
  -1.6097537e+00
   1.0607303e+00
   9.7917320e-01
  -1.1193771e+00
  -4.4482115e-01
   8.1830291e-01
   3.9999162e-01
  -7.0564369e-01
  -6.5877687e-01
   1.1970725e+00
   5.3097601e-01
  -1.9579004e+00
   3.6368062e-01
   2.1861460e+00
  -1.5534484e+00
  -1.5241365e+00
   2.1648707e+00
   4.8888119e-01
  -1.8446057e+00
   8.2224042e-02
   1.0832634e+00
   1.0098620e-01
  -6.1852819e-01
  -5.7810325e-01
   6.4894355e-01
   7.7448036e-01
  -7.6310300e-01
  -6.8055355e-01
   6.0788410e-01
   7.5128083e-01
  -4.1037301e-01
  -1.1969997e+00
   6.7879036e-01
   1.6094652e+00
  -1.4788570e+00
  -1.4189572e+00
   2.2232227e+00
   6.1238787e-01
  -2.2640949e+00
   1.8115528e-01
   1.5861544e+00
  -3.3584567e-01
  -7.9266052e-01
  -1.7289578e-01
   4.6779788e-01
   8.5036485e-01
  -6.9411145e-01
  -1.2076285e+00
   1.1540420e+00
   1.0944385e+00
  -1.4955598e+00
  -6.3771394e-01
   1.5188124e+00
   6.4760591e-02
  -1.1712230e+00
   3.9006501e-01
   5.3255678e-01
  -5.5517260e-01
   2.0837067e-01
   3.8393573e-01
  -8.2303252e-01
   3.8414707e-02
   1.1083992e+00
  -4.9380705e-01
  -9.9005110e-01
   6.6695583e-01
   6.8337894e-01
  -3.7289172e-01
  -6.6222652e-01
  -1.3681379e-01
   1.2413262e+00
   2.4048503e-01
  -2.1267572e+00
   4.6033073e-01
   2.5563631e+00
  -1.6080351e+00
  -2.0507975e+00
   2.3220651e+00
   9.7347231e-01
  -2.0485768e+00
  -2.1624758e-01
   1.1196397e+00
   3.1584234e-01
  -4.0755567e-01
  -9.3669140e-01
   4.2011055e-01
   1.2759676e+00
  -8.0087630e-01
  -9.7655128e-01
   8.0812770e-01
   5.1972641e-01
  -2.2580527e-01
  -6.2210836e-01
  -3.7671614e-01
   1.3637407e+00
   3.0981808e-01
  -2.0672018e+00
   4.5968244e-01
   2.0050994e+00
  -1.2603845e+00
  -1.1210015e+00
   1.3725146e+00
   4.3477920e-02
  -6.7073704e-01
   5.3874361e-01
  -3.4717517e-01
  -4.6855345e-01
   1.0750518e+00
   1.5035292e-01
  -1.3140179e+00
  -9.5139253e-02
   1.3547892e+00
   4.5524189e-01
  -1.6369173e+00
  -9.2906796e-01
   2.3348570e+00
   1.0392935e+00
  -3.1944473e+00
  -5.2526476e-01
   3.7025323e+00
  -4.1265154e-01
  -3.4948699e+00
   1.2136827e+00
   2.7315397e+00
  -1.4407943e+00
  -2.0247065e+00
   1.2681745e+00
   1.8226955e+00
  -1.3657096e+00
  -1.8383924e+00
   2.1327001e+00
   1.2602993e+00
  -3.0921308e+00
   3.3258170e-01
   3.2458468e+00
  -2.3616114e+00
  -2.0942915e+00
   3.7151969e+00
   1.6175852e-01
  -3.7768262e+00
   1.5504007e+00
   2.8573234e+00
  -2.4831828e+00
  -1.6800087e+00
   2.8100970e+00
   6.3730884e-01
  -2.9686332e+00
   4.0552438e-01
   3.0886131e+00
  -1.7356139e+00
  -2.8498108e+00
   3.3132681e+00
   1.7800336e+00
  -4.5441264e+00
   2.0510645e-01
   4.5321145e+00
  -2.3723859e+00
  -2.8708003e+00
   3.4589611e+00
   3.2167489e-01
  -2.7737463e+00
   1.6218549e+00
   9.9380637e-01
  -2.1164046e+00
   4.7752874e-01
   1.7234493e+00
  -9.8020969e-01
  -1.5563066e+00
   1.1145988e+00
   1.8787491e+00
  -1.6998805e+00
  -1.9201836e+00
   2.5701187e+00
   1.0581606e+00
  -2.7629587e+00
   2.4124721e-01
   1.7758387e+00
  -9.1751009e-01
  -2.1307993e-01
   5.0037673e-01
  -9.0054693e-01
   5.3370398e-01
   1.0999111e+00
  -1.4546727e+00
  -5.9606312e-01
   1.9128171e+00
  -2.3599121e-01
  -1.8576513e+00
   1.0913117e+00
   1.2816851e+00
  -1.5876247e+00
  -3.4921146e-01
   1.3231348e+00
  -3.9754023e-01
  -2.8866801e-01
   2.7507272e-01
  -8.6589160e-01
   9.3555833e-01
   1.1617508e+00
  -2.5914348e+00
  -8.2471307e-02
   3.5138355e+00
  -1.8738547e+00
  -2.8967979e+00
   3.4949563e+00
   9.6881359e-01
  -3.7814483e+00
   1.2244112e+00
   2.6393036e+00
  -2.6397894e+00
  -8.0156647e-01
   2.9100087e+00
  -8.0968876e-01
  -2.4202248e+00
   1.7222254e+00
   1.8343367e+00
  -2.0985402e+00
  -1.4876666e+00
   2.3544154e+00
   1.1998585e+00
  -2.6063305e+00
  -6.8038789e-01
   2.5650196e+00
   2.4952449e-02
  -1.9827629e+00
   3.1284466e-01
   1.0858377e+00
  -4.4426459e-02
  -4.5331046e-01
  -5.5693334e-01
   4.4752842e-01
   8.7548919e-01
  -8.1877135e-01
  -5.9511565e-01
   9.5851417e-01
   6.3163329e-02
  -5.6487719e-01
   5.0757165e-02
  -2.8034729e-03
   5.5231378e-01
   5.7052609e-02
  -1.4731634e+00
   7.6783996e-01
   1.9294926e+00
  -2.1656116e+00
  -1.3589667e+00
   3.3235647e+00
  -1.5846363e-01
  -3.4339384e+00
   1.8841358e+00
   2.2685124e+00
  -2.8700801e+00
  -4.1277852e-01
   2.6526510e+00
  -1.1388966e+00
  -1.6041754e+00
   1.7419057e+00
   5.7863373e-01
  -1.5369614e+00
  -1.9409123e-01
   1.2073399e+00
   4.0025237e-01
  -1.3217315e+00
  -6.5228093e-01
   1.8733456e+00
   4.5773239e-01
  -2.3925066e+00
   2.4266831e-01
   2.3904144e+00
  -1.1046860e+00
  -1.6815876e+00
   1.6105705e+00
   4.9500490e-01
  -1.3504251e+00
   5.7627751e-01
   3.4861086e-01
  -8.9988687e-01
   8.1577419e-01
   3.1139811e-01
  -1.3660931e+00
   6.7293538e-01
   9.3880349e-01
  -1.2410812e+00
   1.2434263e-01
   9.3537248e-01
  -1.0952080e+00
   6.4828452e-02
   1.4512451e+00
  -1.2459349e+00
  -1.1178692e+00
   2.1980386e+00
   2.2958030e-01
  -2.6582309e+00
   1.0560932e+00
   2.3244690e+00
  -2.3640834e+00
  -1.0146630e+00
   2.9821121e+00
  -8.7336214e-01
  -2.3021146e+00
   2.3002472e+00
   4.9665969e-01
  -2.2624804e+00
   1.3598936e+00
   6.7176880e-01
  -2.0288111e+00
   1.4358651e+00
   1.1249166e+00
  -2.6634655e+00
   5.1399115e-01
   2.3859256e+00
  -1.5075065e+00
  -1.2708467e+00
   1.1374747e+00
   6.6893443e-01
  -9.8549322e-04
  -1.3448432e+00
  -5.7065895e-01
   2.7497354e+00
  -1.9520233e-01
  -3.5882427e+00
   1.8315415e+00
   3.0355090e+00
  -3.1696255e+00
  -1.3291929e+00
   3.3283753e+00
  -5.9730472e-01
  -2.2010236e+00
   1.7783153e+00
   3.8168352e-01
  -1.7101971e+00
   1.1677697e+00
   6.5038818e-01
  -1.7036391e+00
   5.1526958e-01
   1.2873957e+00
  -1.0252992e+00
  -6.4571840e-01
   9.2999866e-01
   2.6988979e-01
  -7.8735575e-01
   8.0247734e-02
   7.6188946e-01
  -7.6305108e-01
  -4.7256125e-01
   1.5282591e+00
  -2.4539242e-01
  -1.8279551e+00
   9.6030330e-01
   1.6129986e+00
  -1.2327050e+00
  -1.3384752e+00
   1.1746908e+00
   1.2590713e+00
  -1.1570870e+00
  -1.1609479e+00
   1.2598731e+00
   8.0553002e-01
  -1.3122489e+00
  -2.2361396e-01
   1.2530308e+00
  -5.3614877e-01
  -1.0870496e+00
   1.5618920e+00
   5.9670132e-01
  -2.7516353e+00
   5.1029610e-01
   3.5961747e+00
  -2.1199747e+00
  -3.5509163e+00
   3.6285359e+00
   2.5326546e+00
  -4.3745587e+00
  -9.6994203e-01
   4.0426146e+00
  -4.7682675e-01
  -2.7741235e+00
   1.2126420e+00
   1.1062131e+00
  -9.7455105e-01
   2.4974473e-01
  -4.4166089e-03
  -7.9175109e-01
   1.1261308e+00
   5.1071560e-01
  -1.8229112e+00
   1.8590239e-01
   1.8944448e+00
  -8.0861155e-01
  -1.5409505e+00
   1.0745300e+00
   1.1597681e+00
  -1.0165713e+00
  -1.0712695e+00
   9.3440227e-01
   1.2735809e+00
  -1.1577813e+00
  -1.3980250e+00
   1.6916796e+00
   1.0276849e+00
  -2.0965065e+00
  -1.7300173e-01
   1.8587471e+00
  -6.0434553e-01
  -9.5045424e-01
   6.4691938e-01
  -1.9244633e-02
   1.5125278e-01
   2.9189220e-01
  -1.1626786e+00
   3.4068054e-01
   1.5533286e+00
  -1.3395649e+00
  -1.0069706e+00
   1.9242302e+00
  -8.7891543e-02
  -1.6876654e+00
   1.0450896e+00
   7.5230368e-01
  -1.3200472e+00
   3.9707217e-01
   7.1138914e-01
  -1.0968471e+00
   5.1362540e-01
   7.8910227e-01
  -1.6222424e+00
   5.6896510e-01
   1.7663818e+00
  -2.3249165e+00
  -5.3721873e-01
   3.4274596e+00
  -1.6659024e+00
  -3.0706867e+00
   3.7377531e+00
   1.3311861e+00
  -4.5390528e+00
   7.3602218e-01
   3.7923837e+00
  -1.8624493e+00
  -2.3660842e+00
   1.6587525e+00
   1.4806892e+00
  -9.4812361e-01
  -1.5144265e+00
   8.7332130e-01
   1.6660809e+00
  -1.6220385e+00
  -9.3438462e-01
   2.2013395e+00
  -6.2061153e-01
  -1.6046065e+00
   1.8307719e+00
   3.1558425e-02
  -1.7005472e+00
   1.2842395e+00
   5.1015399e-01
  -1.4118397e+00
   5.3838602e-01
   6.4234507e-01
  -6.5344317e-01
   3.8540563e-02
   1.4340202e-01
  -1.8315384e-01
   3.1154070e-01
   2.0352602e-01
  -7.0972234e-01
  -4.2430561e-01
   1.5715690e+00
   3.4370890e-01
  -2.8394540e+00
   7.0931641e-01
   3.5703557e+00
  -2.4570682e+00
  -3.0083054e+00
   3.7820028e+00
   1.5564967e+00
  -3.9806137e+00
  -2.9917808e-01
   3.4784588e+00
  -2.4941882e-01
  -3.1449081e+00
   5.6058214e-01
   3.1966406e+00
  -1.3005279e+00
  -3.0184427e+00
   2.4074065e+00
   1.9841918e+00
  -3.0654970e+00
  -3.0220174e-01
   2.5594965e+00
  -1.0180954e+00
  -1.1284593e+00
   1.0971532e+00
  -9.3420315e-02
  -9.8809499e-02
   7.7993132e-02
  -8.5521938e-01
   1.1473965e+00
   7.1546785e-01
  -2.5812102e+00
   6.0435455e-01
   3.2058824e+00
  -2.3485297e+00
  -2.7385109e+00
   3.7129017e+00
   1.5231593e+00
  -4.3130094e+00
  -6.4396042e-02
   4.0720710e+00
  -1.1250962e+00
  -3.1376421e+00
   1.5574410e+00
   2.0234622e+00
  -1.1117800e+00
  -1.4302323e+00
   3.2815455e-01
   1.6097188e+00
  -2.1517897e-02
  -2.0189919e+00
   4.5944148e-01
   1.8369419e+00
  -1.0545099e+00
  -8.4559511e-01
   9.8089439e-01
  -3.1016560e-01
  -5.0894552e-02
   7.6134305e-01
  -1.0739340e+00
  -2.6651720e-01
   1.5219740e+00
  -5.6273965e-01
  -1.0528912e+00
   8.5498218e-01
   2.9397061e-01
  -3.1750710e-01
  -1.4414436e-01
  -4.7465936e-01
   9.0285157e-01
   6.2380176e-01
  -1.9428368e+00
   1.9510000e-01
   2.2713351e+00
  -1.3445608e+00
  -1.5068940e+00
   1.8028680e+00
   2.9353829e-01
  -1.1780653e+00
   3.4383834e-01
   5.3227346e-02
   8.9666792e-03
   6.8072174e-01
  -9.3209377e-01
  -6.2535641e-01
   1.7751254e+00
  -5.4024704e-02
  -2.1694184e+00
   1.0253798e+00
   1.9858768e+00
  -1.9282706e+00
  -1.2304888e+00
   2.2823445e+00
   2.7964918e-01
  -1.7725887e+00
   4.5920847e-02
   8.5396588e-01
   8.1746776e-01
  -7.0652462e-01
  -2.2639424e+00
   2.0825833e+00
   2.7443412e+00
  -4.2031314e+00
  -1.3154134e+00
   5.2651555e+00
  -1.1848319e+00
  -4.2746152e+00
   2.9047580e+00
   2.0780909e+00
  -2.8918523e+00
  -3.2737776e-01
   1.8442471e+00
  -2.6838238e-01
  -9.5211041e-01
   2.5949934e-01
   5.6626823e-01
  -3.0967278e-01
  -3.2419172e-01
   4.2229064e-01
   7.5045548e-02
  -3.9810860e-01
  -5.2855807e-02
   4.2564037e-01
   2.7880923e-01
  -8.1472731e-01
  -3.5258745e-01
   1.4427574e+00
  -6.1965438e-02
  -1.8042827e+00
   8.3035781e-01
   1.5035082e+00
  -1.4592022e+00
  -5.7172118e-01
   1.4455076e+00
  -5.2537956e-01
  -6.1197342e-01
   1.1006450e+00
  -6.6117830e-01
  -6.9711085e-01
   1.5762940e+00
  -4.8978894e-01
  -1.5093721e+00
   1.7226560e+00
   5.1140022e-01
  -2.3244073e+00
   8.0729793e-01
   2.1524638e+00
  -1.8194176e+00
  -1.5618788e+00
   2.3137619e+00
   9.9384886e-01
  -2.5103849e+00
  -5.5792257e-01
   2.6633668e+00
   1.7731688e-02
  -2.6465396e+00
   7.3830273e-01
   2.0923130e+00
  -1.3333907e+00
  -1.0092831e+00
   1.2683015e+00
   6.5235787e-03
  -6.3115163e-01
   3.4360519e-01
   1.2212433e-01
  -2.4047879e-01
  -2.1866914e-01
   4.5596406e-01
   5.2347250e-01
  -1.3467445e+00
  -1.9136249e-01
   2.3051398e+00
  -1.0173480e+00
  -2.3970839e+00
   2.3483818e+00
   1.4451640e+00
  -2.8374977e+00
  -2.3865865e-01
   2.3141188e+00
  -3.3091464e-01
  -1.4619255e+00
   1.1621773e-01
   1.0155979e+00
   3.4866899e-01
  -1.1048328e+00
  -5.2889042e-01
   1.3419869e+00
   3.6499913e-01
  -1.3526905e+00
  -1.8038938e-01
   1.1532753e+00
   2.3827342e-01
  -1.0599265e+00
  -4.1172169e-01
   1.2484907e+00
   3.5075868e-01
  -1.4842127e+00
   1.3943435e-02
