   1.3797032e-03
  -2.9998972e+00
   1.2399073e+00
   1.6910803e+00
  -1.3522977e+00
  -2.4737953e-01
   4.1849208e-01
  -3.4010634e-01
   6.4946456e-01
   1.0582498e-01
  -1.2559727e+00
   4.6484354e-01
   1.3512692e+00
  -1.0500729e+00
  -9.8638985e-01
   1.3686091e+00
   3.4766197e-01
  -1.2012216e+00
   3.4155681e-02
   9.0949404e-01
   1.1454422e-01
  -1.2896838e+00
  -8.5987085e-02
   2.4004490e+00
  -1.1415333e+00
  -3.0276853e+00
   3.3727753e+00
   1.9558123e+00
  -5.0140815e+00
   4.3433556e-01
   4.7739282e+00
  -2.4527762e+00
  -3.0898113e+00
   2.9872748e+00
   1.4394760e+00
  -2.5346263e+00
  -5.4993514e-01
   2.1911553e+00
  -1.7417088e-01
  -2.1286321e+00
   1.4922972e+00
   1.4790590e+00
  -3.0835139e+00
   3.9967889e-01
   3.7511625e+00
  -2.8889312e+00
  -2.8004720e+00
   4.5624113e+00
   9.4743984e-01
  -4.6755604e+00
   3.8041049e-01
   3.9844551e+00
  -6.3934160e-01
  -3.8517657e+00
   8.1848187e-01
   4.5682845e+00
  -2.2735706e+00
  -4.8463122e+00
   4.9595948e+00
   3.2382702e+00
  -7.1332365e+00
   1.0225682e-02
   7.0930196e+00
  -2.9126101e+00
  -5.1160836e+00
   3.8167848e+00
   3.2340522e+00
  -3.2826278e+00
  -2.8740775e+00
   3.3748312e+00
   3.1237354e+00
  -5.0121322e+00
  -1.9074186e+00
   6.6100391e+00
  -1.2084716e+00
  -5.8702273e+00
   4.1095348e+00
   2.6088431e+00
  -4.3563925e+00
   8.4309551e-01
   1.8213628e+00
  -2.0323831e+00
   1.2998920e+00
   6.4799834e-01
  -2.7618323e+00
   1.6376796e+00
   2.1076208e+00
  -3.0299043e+00
  -4.5405726e-01
   2.9749739e+00
  -9.4439785e-01
  -1.9625573e+00
   1.6043753e+00
   5.5578451e-01
  -1.5282902e+00
   1.0043678e+00
   5.6067101e-01
  -2.3112798e+00
   1.4902820e+00
   2.4260555e+00
  -4.0301024e+00
  -5.8534870e-01
   5.4726230e+00
  -2.6169482e+00
  -4.4592588e+00
   5.2153391e+00
   1.3640500e+00
  -5.4823017e+00
   1.7844464e+00
   3.5374485e+00
  -3.0948547e+00
  -1.1440928e+00
   2.4051925e+00
  -4.4580123e-02
  -1.0473682e+00
  -1.8096226e-01
   3.2187911e-01
   8.8884922e-01
  -4.5788417e-01
  -1.1841825e+00
   8.5260153e-01
   9.0095017e-01
  -8.8392008e-01
  -4.4151736e-01
   3.8729949e-01
   2.7072035e-01
   4.0533143e-01
  -5.9090885e-01
  -1.1671845e+00
   1.3705402e+00
   1.6486547e+00
  -2.5091437e+00
  -1.6165562e+00
   3.8088480e+00
   8.4841266e-01
  -4.8324913e+00
   6.2414826e-01
   5.0451156e+00
  -2.3467951e+00
  -4.2280064e+00
   3.6832815e+00
   2.6777557e+00
  -4.2258694e+00
  -9.8157098e-01
   3.9554520e+00
  -3.1501165e-01
  -3.1461844e+00
   8.8146004e-01
   2.2332375e+00
  -6.8741041e-01
  -1.6641316e+00
   5.0762438e-02
   1.6633176e+00
   5.0351548e-01
  -2.0513070e+00
  -6.0676473e-01
   2.3701160e+00
   3.3298690e-01
  -2.2894213e+00
  -8.0404227e-02
   1.9029985e+00
   1.2442900e-01
  -1.5744241e+00
  -3.1204432e-01
   1.4587469e+00
   2.8500772e-01
  -1.2303338e+00
  -6.5924746e-02
   4.5160054e-01
   2.9650390e-01
   6.7824758e-01
  -1.5988313e+00
  -1.1525103e+00
   3.6023857e+00
   1.0004390e-01
  -4.9150734e+00
   2.0624781e+00
   4.4021757e+00
  -3.7380825e+00
  -2.4604977e+00
   3.6363337e+00
   7.6847895e-01
  -2.0844283e+00
  -6.7367070e-01
   7.1197511e-01
   1.9232637e+00
  -8.4585546e-01
  -3.0341795e+00
   2.3143987e+00
   2.8081082e+00
  -3.7714866e+00
  -1.4245662e+00
   4.0252287e+00
   1.8510651e-01
  -3.1019939e+00
  -2.7156535e-01
   2.2001523e+00
   1.5901466e+00
  -2.5155915e+00
  -2.7618060e+00
   3.9191548e+00
   2.4879062e+00
  -4.9554463e+00
  -1.0140260e+00
   4.4300728e+00
  -6.6022297e-02
  -2.8593226e+00
  -3.7263504e-01
   1.9665181e+00
   1.6793913e+00
  -2.7386601e+00
  -2.2075594e+00
   4.3644770e+00
   1.1380083e+00
  -5.1885469e+00
   8.0410461e-01
   4.3279043e+00
  -2.2014668e+00
  -2.2255112e+00
   2.0796597e+00
   1.1127822e-01
  -4.0486478e-01
   7.5606768e-01
  -1.9107936e+00
   2.1511877e-01
   3.3920438e+00
  -2.3671514e+00
  -2.9847850e+00
   3.9886644e+00
   1.1030127e+00
  -3.6857029e+00
   5.5648242e-01
   1.7553901e+00
  -6.2516093e-01
   1.0941940e-01
  -6.2673279e-01
  -5.4819149e-01
   1.7908597e+00
  -3.2723161e-01
  -1.8478540e+00
   1.4702832e+00
   8.8360126e-01
  -2.0875731e+00
   4.4744768e-01
   2.0979083e+00
  -1.7351961e+00
  -1.7339506e+00
   3.0718838e+00
   9.5450943e-01
  -4.6368887e+00
   7.1735942e-01
   6.0052302e+00
  -3.5991994e+00
  -6.0439732e+00
   6.9530395e+00
   3.9579059e+00
  -9.0856177e+00
  -4.9530242e-01
   8.8607712e+00
  -2.4368755e+00
  -6.9456813e+00
   3.6349805e+00
   5.0463819e+00
  -3.6541313e+00
  -3.9780777e+00
   3.6852881e+00
   3.0524952e+00
  -3.8001420e+00
  -1.5164681e+00
   2.9655699e+00
  -1.3978591e-02
  -7.7610129e-01
   1.6531848e-01
  -1.5679727e+00
   1.3699048e+00
   2.4572086e+00
  -3.3261011e+00
  -1.6139840e+00
   4.2887304e+00
   1.1928373e-01
  -4.0409303e+00
   1.0039628e+00
   3.2581820e+00
  -1.6044136e+00
  -2.4234980e+00
   1.8939048e+00
   1.5500354e+00
  -1.8327453e+00
  -7.0228691e-01
   1.3242941e+00
   2.0401972e-01
  -6.4918542e-01
  -2.1834004e-01
   3.2310906e-01
   4.3587070e-01
  -5.4748995e-01
  -3.6307034e-01
   9.9122661e-01
  -1.7931778e-01
  -1.1435240e+00
   9.4224080e-01
   7.5576808e-01
  -1.5405210e+00
   9.8765949e-02
   1.7100616e+00
  -1.2284785e+00
  -1.2849031e+00
   2.3999837e+00
   1.0565157e-01
  -3.2237845e+00
   1.8461167e+00
   3.1285661e+00
  -4.1082600e+00
  -1.6838931e+00
   5.5868003e+00
  -7.7170692e-01
  -5.1110095e+00
   2.7965662e+00
   2.6308752e+00
  -2.6457829e+00
   1.3358696e-01
  -3.7279299e-02
  -8.0908530e-01
   3.4128860e+00
  -1.4495722e+00
  -4.7955856e+00
   5.0014615e+00
   2.9941253e+00
  -7.1035324e+00
   7.2279244e-01
   6.2080092e+00
  -3.8284581e+00
  -2.9920596e+00
   4.5302545e+00
  -4.8033676e-01
  -2.8150861e+00
   2.3421454e+00
   9.1199108e-02
  -1.9933389e+00
   1.9042326e+00
   2.7204411e-01
  -2.2016876e+00
   1.1893819e+00
   1.2193831e+00
  -1.1875590e+00
  -4.4118993e-01
  -2.4828877e-02
   1.1494158e+00
   8.9684539e-01
  -3.1879528e+00
   3.5710513e-02
   4.9854731e+00
  -2.7637802e+00
  -4.9518337e+00
   5.7806802e+00
   2.9134287e+00
  -7.4844616e+00
  -1.0695486e-01
   7.5424915e+00
  -2.2073428e+00
  -6.7320497e+00
   3.8243927e+00
   5.6270952e+00
  -5.1020803e+00
  -4.0308897e+00
   5.8564718e+00
   1.8933470e+00
  -5.4907531e+00
  -8.2379671e-02
   4.1973699e+00
  -4.8489274e-01
  -3.1728751e+00
   1.8765297e-01
   3.1661155e+00
  -3.2647314e-01
  -3.4066162e+00
   1.3209000e+00
   2.6622385e+00
  -2.0765522e+00
  -1.0350024e+00
   1.5150235e+00
  -8.9805941e-02
  -8.7303779e-02
  -1.3033017e-01
  -8.4064208e-01
   9.7527987e-01
   7.4932228e-01
  -1.2405612e+00
  -4.3195816e-01
   7.4974699e-01
   7.7484781e-01
  -3.3039877e-01
  -1.7049205e+00
   6.3080769e-01
   2.5411312e+00
  -1.5157146e+00
  -2.9289858e+00
   2.6079966e+00
   3.0067404e+00
  -3.9275214e+00
  -2.7528150e+00
   5.6411884e+00
   1.6338455e+00
  -7.3242001e+00
   7.4478585e-01
   7.9483116e+00
  -3.7642191e+00
  -6.9116618e+00
   6.0412815e+00
   4.8761465e+00
  -6.7636724e+00
  -3.1934126e+00
   6.4752365e+00
   2.5231735e+00
  -6.2880565e+00
  -2.3532946e+00
   6.5994723e+00
   1.8671459e+00
  -6.9103130e+00
  -8.5888371e-01
   6.6526854e+00
  -3.5259540e-01
  -5.7251183e+00
   1.4928991e+00
   4.2624257e+00
  -2.4374480e+00
  -2.3620981e+00
   2.9686962e+00
   2.1948690e-01
  -2.8384766e+00
   1.7707790e+00
   2.0390496e+00
  -3.2272126e+00
  -7.8736016e-01
   3.9159820e+00
  -6.4102574e-01
  -3.6750932e+00
   1.8608862e+00
   2.5434572e+00
  -2.3822160e+00
  -1.0467378e+00
   2.0345306e+00
  -2.3898471e-02
  -1.3117552e+00
   3.5304094e-01
   9.4608322e-01
  -4.0622322e-01
  -1.1198172e+00
   8.2387221e-01
   1.3383721e+00
  -1.6879139e+00
  -1.0664833e+00
   2.5143359e+00
   2.8397798e-01
  -2.8033576e+00
   5.6578141e-01
   2.4886375e+00
  -1.0231802e+00
  -1.9550847e+00
   1.0385937e+00
   1.6486264e+00
  -1.0270635e+00
  -1.5907555e+00
   1.4101415e+00
   1.3406413e+00
  -2.0750712e+00
  -5.4811951e-01
   2.4401592e+00
  -5.6120913e-01
  -2.0709812e+00
   1.3871408e+00
   1.0474540e+00
  -1.4846086e+00
   2.3041295e-01
   7.5119348e-01
  -1.2996936e+00
   6.2425487e-01
   1.7363977e+00
  -2.1267948e+00
  -1.4047126e+00
   3.0997366e+00
   6.7881386e-01
  -3.2863459e+00
  -9.5181203e-02
   3.0172384e+00
  -2.6371201e-01
  -2.6293698e+00
   7.3215148e-01
   1.9156596e+00
  -1.3464772e+00
  -4.8557365e-01
   1.5224575e+00
  -1.4267489e+00
  -6.9878587e-01
   2.9184096e+00
  -9.3440765e-01
  -3.2568851e+00
   2.6537713e+00
   2.4235126e+00
  -3.9200835e+00
  -7.6957159e-01
   4.4927095e+00
  -1.3700956e+00
  -4.0901775e+00
   3.4617355e+00
   2.5643522e+00
  -4.6593037e+00
  -4.5297242e-01
   4.4319924e+00
  -1.1630940e+00
  -3.1664022e+00
   1.5670571e+00
   1.8013397e+00
  -9.0920317e-01
  -9.9880189e-01
  -2.1702841e-01
   9.3142207e-01
   1.2727560e+00
  -1.5675502e+00
  -1.7344158e+00
   2.6010256e+00
   1.1544446e+00
  -3.2016473e+00
   2.1492276e-01
   2.5571647e+00
  -1.1787776e+00
  -9.9262482e-01
   6.8504360e-01
   4.9466526e-02
   7.5817499e-01
  -8.8793860e-01
  -1.3223922e+00
   2.7627387e+00
  -1.5241577e-01
  -3.6272133e+00
   2.7333460e+00
   2.3728819e+00
  -4.3672748e+00
  -6.5123848e-02
   4.1906620e+00
  -1.3649663e+00
  -3.4192964e+00
   1.4332527e+00
   3.6975903e+00
  -1.5876354e+00
  -4.8962531e+00
   3.2262956e+00
   5.1201407e+00
  -5.6875960e+00
  -3.0015135e+00
   6.7366117e+00
  -4.9361001e-01
  -5.0026963e+00
   2.9068356e+00
   1.4860976e+00
  -2.7130003e+00
   1.4881543e+00
   5.5755100e-01
  -2.4535615e+00
   1.7739857e+00
   1.6904161e+00
  -3.1082452e+00
  -2.5737228e-01
   3.3847081e+00
  -1.2264530e+00
  -2.8206854e+00
   2.5455785e+00
   1.3403101e+00
  -3.1217550e+00
   8.2080564e-01
   2.1437967e+00
  -2.4835656e+00
   2.4837266e-01
   2.3143032e+00
  -2.4732472e+00
  -3.9711450e-01
   2.8445798e+00
  -1.4953441e+00
  -1.4187254e+00
   1.6421422e+00
   8.1800182e-02
  -3.0839472e-01
  -5.2038249e-01
  -4.2780539e-01
   2.2543839e+00
  -1.0502202e+00
  -3.0006504e+00
   3.9773080e+00
   1.0698177e+00
  -5.7705869e+00
   2.7543505e+00
   4.5145655e+00
  -5.8145096e+00
  -8.3192831e-01
   6.0279725e+00
  -2.6841140e+00
  -3.7496275e+00
   3.8656649e+00
   1.2526637e+00
  -2.8227477e+00
  -4.2506912e-01
   1.4722882e+00
   1.0788642e+00
  -1.3702080e+00
  -1.5452566e+00
   2.2000034e+00
   7.2336818e-01
  -2.4416547e+00
   7.4190616e-01
   1.2927359e+00
  -1.3446189e+00
   3.9768782e-01
   5.0000761e-01
  -1.1491149e+00
   8.3089413e-01
   5.1757651e-01
  -1.2707551e+00
   5.0540061e-01
   5.0341816e-01
  -6.7102954e-01
   5.5674422e-01
  -2.7239898e-01
  -8.7377235e-01
   1.6078314e+00
   1.8455917e-01
  -2.5373065e+00
   1.1694777e+00
   2.6170839e+00
  -2.6926928e+00
  -1.5948097e+00
   3.6733853e+00
  -4.3058871e-01
  -3.2039281e+00
   2.5105866e+00
   9.9736881e-01
  -3.1585792e+00
   1.8186542e+00
   1.7513641e+00
  -3.3441817e+00
   5.2626084e-01
   2.7323465e+00
  -1.6670965e+00
  -1.1290215e+00
   8.9911162e-01
   4.2072657e-01
   6.0926481e-01
  -1.1816371e+00
  -1.2686497e+00
   2.2874733e+00
   9.0852252e-01
  -2.5739449e+00
  -6.6947283e-01
   2.3372037e+00
   1.2005407e+00
  -2.7154467e+00
  -1.6368921e+00
   3.8275109e+00
   8.3403272e-01
  -4.3365356e+00
   7.9004480e-01
   3.2466569e+00
  -1.4910669e+00
  -1.5315891e+00
   4.3279911e-01
   1.2004756e+00
   1.0293500e+00
  -2.8468331e+00
  -8.0699303e-01
   4.7968981e+00
  -1.5311745e+00
  -4.8400131e+00
   4.2800376e+00
   2.3776288e+00
  -5.2893630e+00
   1.2233163e+00
   3.7643769e+00
  -3.9551443e+00
  -6.0620377e-01
   4.6335212e+00
  -2.5244865e+00
  -3.4083237e+00
   4.3600945e+00
   1.2835437e+00
  -4.5641153e+00
   6.9729419e-01
   3.5283389e+00
  -1.9125715e+00
  -1.9101325e+00
   2.1629207e+00
   3.7406330e-01
  -1.5945743e+00
   5.3528692e-01
   6.9783510e-01
  -6.3374688e-01
  -1.2307006e-01
   2.7918927e-01
   2.5828807e-01
  -1.8090655e-01
  -9.1478783e-01
   9.2108014e-01
   1.3958930e+00
  -2.5372044e+00
  -9.0999172e-01
   4.4033311e+00
  -8.8805792e-01
  -5.4850092e+00
   3.5361114e+00
   4.9107582e+00
  -5.8730503e+00
  -2.5886667e+00
   6.6400422e+00
  -5.6573347e-01
  -5.2462043e+00
   3.0658264e+00
   2.1880605e+00
  -3.7151710e+00
   1.2094174e+00
   2.2452556e+00
  -3.5099541e+00
   6.4389880e-01
   3.7937444e+00
  -3.6282873e+00
  -2.0167725e+00
   5.2960401e+00
  -8.4037622e-01
  -4.9485425e+00
   3.2244845e+00
   3.2013809e+00
  -4.2272796e+00
  -1.3950505e+00
   4.3443268e+00
   8.3947236e-02
