   2.6410782e-02
  -2.1620338e+00
  -2.6168178e-01
   2.5947272e+00
  -1.4767396e-01
  -2.6218510e+00
   7.8826563e-01
   1.9491484e+00
  -8.8788288e-01
  -1.2685694e+00
   5.5950762e-01
   1.1119852e+00
  -5.7754853e-01
  -9.9315014e-01
   1.0717509e+00
   1.9043505e-01
  -1.2038964e+00
   1.0615897e+00
   3.0370419e-01
  -1.7244138e+00
   1.1982546e+00
   1.1619706e+00
  -2.2323535e+00
   2.1342921e-01
   2.1714694e+00
  -1.4412305e+00
  -1.2553883e+00
   1.8309623e+00
   2.1401877e-01
  -1.3261176e+00
   3.0353077e-01
   3.9063988e-01
  -1.1015735e-01
   3.7691043e-01
  -4.6256279e-01
  -7.0856247e-01
   9.1415193e-01
   8.4089989e-01
  -1.1023263e+00
  -1.1330079e+00
   1.3698648e+00
   1.5036881e+00
  -2.0028318e+00
  -1.4622223e+00
   2.6543929e+00
   8.4025691e-01
  -2.6402238e+00
  -2.4917139e-01
   1.8946174e+00
   4.5505606e-01
  -1.2766995e+00
  -1.3476108e+00
   1.6377171e+00
   1.8904061e+00
  -2.7569256e+00
  -1.2374595e+00
   3.5009367e+00
  -3.0121157e-01
  -3.0364732e+00
   1.5843648e+00
   1.6808659e+00
  -1.8504663e+00
  -4.4757497e-01
   1.4076159e+00
  -1.2681216e-01
  -1.0479093e+00
   4.5766308e-01
   9.6819215e-01
  -1.1528911e+00
  -5.7314067e-01
   2.0461690e+00
  -6.0451858e-01
  -2.3046261e+00
   2.0879979e+00
   1.4873737e+00
  -2.8379708e+00
  -1.8176935e-01
   2.3651996e+00
  -5.9143729e-01
  -1.1799214e+00
   3.8677701e-01
   1.4022958e-01
   4.7532077e-01
   3.0678596e-01
  -1.4914478e+00
  -1.3646628e-01
   2.3495950e+00
  -6.0018902e-01
  -2.7595452e+00
   1.7464375e+00
   2.3608223e+00
  -2.7628460e+00
  -1.1193059e+00
   2.9069887e+00
  -3.1971508e-01
  -1.9492984e+00
   1.0388658e+00
   5.6892996e-01
  -7.5361260e-01
   2.4257480e-01
   1.3564154e-01
  -2.0912376e-01
  -5.7091681e-02
   1.1174635e-02
   5.7705882e-01
  -3.9247642e-01
  -8.8798868e-01
   1.1678033e+00
   3.5984192e-01
  -1.3726715e+00
   5.4257944e-01
   4.5956141e-01
  -6.4644372e-01
   8.8495381e-01
  -6.1149095e-01
  -1.3299133e+00
   2.4582509e+00
   2.5282452e-01
  -3.4697234e+00
   1.6372580e+00
   2.8793658e+00
  -2.9776579e+00
  -1.1785878e+00
   2.9118533e+00
  -3.9436496e-01
  -1.6827637e+00
   8.6454463e-01
   3.3831445e-01
  -2.3154393e-01
   1.6072994e-01
  -6.3894355e-01
   2.5068351e-01
   9.0474811e-01
  -8.0242062e-01
  -5.7585826e-01
   8.1830265e-01
   3.5331259e-01
  -4.4577858e-01
  -6.9731156e-01
   3.2750997e-01
   1.3194216e+00
  -7.3565287e-01
  -1.6682744e+00
   1.3379573e+00
   1.6220125e+00
  -1.7925658e+00
  -1.4372688e+00
   2.2090016e+00
   1.1641945e+00
  -2.8077005e+00
  -4.7983677e-01
   3.3352061e+00
  -7.7399635e-01
  -3.1453142e+00
   2.0924560e+00
   1.9386749e+00
  -2.5913456e+00
  -2.8099788e-01
   1.8648464e+00
  -7.8262735e-01
  -4.8207765e-01
   7.1629422e-01
  -5.1834585e-01
  -2.7028784e-02
   7.1098577e-01
  -3.6966704e-01
  -7.2605773e-01
   3.4382627e-01
   1.3619728e+00
  -8.0830645e-01
  -2.3050082e+00
   2.4747696e+00
   2.1841677e+00
  -4.5401097e+00
  -1.9732689e-01
   5.1516917e+00
  -2.6143320e+00
  -3.3640196e+00
   4.1808312e+00
   2.7116985e-01
  -3.4722283e+00
   2.0830901e+00
   1.3907794e+00
  -2.6835376e+00
   4.1871081e-01
   2.1417384e+00
  -1.2186580e+00
  -1.5609246e+00
   1.4443312e+00
   1.3170483e+00
  -1.7068185e+00
  -1.0644237e+00
   1.9986572e+00
   5.5671004e-01
  -1.9313221e+00
  -8.1337036e-02
   1.4393204e+00
   5.1238331e-02
  -9.4326108e-01
  -4.2478449e-01
   8.2658503e-01
   7.5695258e-01
  -1.0143115e+00
  -7.2732988e-01
   1.1774950e+00
   3.6209236e-01
  -1.1011926e+00
   1.9567250e-01
   6.4165841e-01
  -7.5568983e-01
   3.8665449e-01
   8.6020347e-01
  -1.8432251e+00
   4.3230611e-02
   2.9094859e+00
  -1.8591536e+00
  -2.6417008e+00
   3.5085888e+00
   1.0774270e+00
  -3.7818627e+00
   4.8802138e-01
   2.6503972e+00
  -6.5042545e-01
  -1.5053183e+00
  -6.1923282e-01
   1.8343512e+00
   1.8111468e+00
  -3.6407093e+00
  -1.3537977e+00
   5.3512165e+00
  -7.8864743e-01
  -5.3691612e+00
   3.1003537e+00
   3.6036153e+00
  -4.0306642e+00
  -1.4116651e+00
   3.3797185e+00
   1.8688285e-01
  -2.2124094e+00
  -1.6028544e-01
   1.6218496e+00
   5.2689334e-01
  -1.7238870e+00
  -5.5166151e-01
   1.8290319e+00
   4.1938382e-01
  -1.5009622e+00
  -9.3889135e-01
   1.3315641e+00
   2.3613363e+00
  -2.4654472e+00
  -3.6014167e+00
   5.1726705e+00
   2.9719842e+00
  -8.0213049e+00
   6.1673674e-02
   8.8540491e+00
  -3.9978742e+00
  -6.7969525e+00
   6.4849320e+00
   3.1383259e+00
  -6.4597074e+00
  -1.6736259e-02
   4.8665214e+00
  -1.5745252e+00
  -3.2438258e+00
   2.1438258e+00
   2.1391555e+00
  -2.3556961e+00
  -1.2910513e+00
   2.1661885e+00
   8.0489550e-01
  -1.5572655e+00
  -1.2233346e+00
   1.3622265e+00
   2.3501889e+00
  -2.5458937e+00
  -2.7966238e+00
   4.7419899e+00
   1.2841499e+00
  -6.1567627e+00
   1.7963237e+00
   5.2580340e+00
  -4.5775353e+00
  -2.3134120e+00
   5.5064188e+00
  -1.0483188e+00
  -4.5960611e+00
   3.5972627e+00
   2.7485823e+00
  -5.2969398e+00
  -3.3063545e-01
   6.3152757e+00
  -2.8916594e+00
  -6.0077528e+00
   6.4846904e+00
   3.5728787e+00
  -8.8537120e+00
   5.1175093e-01
   8.5173392e+00
  -4.3615826e+00
  -5.6055375e+00
   6.1381873e+00
   1.8044864e+00
  -5.4251056e+00
   1.0323486e+00
   3.2417534e+00
  -2.1008223e+00
  -1.0066612e+00
   1.7603495e+00
  -4.1393443e-01
  -8.5778527e-01
   9.1588297e-01
   9.4184958e-02
  -8.7811739e-01
   2.3136312e-01
   8.3024564e-01
  -2.8567590e-01
  -1.0878720e+00
   5.4414149e-01
   1.4346590e+00
  -1.2718735e+00
  -1.2949318e+00
   2.0835572e+00
   4.3895303e-01
  -2.2391118e+00
   5.6328408e-01
   1.5059785e+00
  -8.2965470e-01
  -5.8058343e-01
   1.8114046e-01
   4.1436259e-01
   5.1054983e-01
  -1.0898863e+00
  -2.1827648e-01
   1.6090117e+00
  -1.0357611e+00
  -9.8853047e-01
   2.1392831e+00
  -5.8529907e-01
  -2.1292302e+00
   1.9441628e+00
   1.2313519e+00
  -2.2244620e+00
  -5.0648086e-01
   1.7198779e+00
   6.3297692e-01
  -1.4082658e+00
  -1.2704024e+00
   1.8478914e+00
   1.5923044e+00
  -2.7101353e+00
  -1.2153502e+00
   3.3094892e+00
   4.7939727e-01
  -3.3619630e+00
   6.9006315e-02
   3.1268016e+00
  -2.6542077e-01
  -2.9509748e+00
   3.6807430e-01
   2.8535568e+00
  -6.4807883e-01
  -2.5577424e+00
   1.0293608e+00
   1.8572475e+00
  -1.1363442e+00
  -9.3138713e-01
   7.0511068e-01
   2.7557816e-01
   5.7298386e-02
  -2.7071439e-01
  -5.6527830e-01
   7.9446264e-01
   3.4596328e-01
  -1.2667068e+00
   5.3032614e-01
   1.1129841e+00
  -1.4733003e+00
  -2.3451078e-01
   1.8122287e+00
  -9.1273975e-01
  -1.2696146e+00
   1.6440337e+00
   1.3116080e-01
  -1.4835618e+00
   9.2338651e-01
   4.6099206e-01
  -1.1909790e+00
   8.4470007e-01
   3.8212340e-01
  -1.6021311e+00
   1.1213802e+00
   1.2836956e+00
  -2.4896757e+00
  -4.5153247e-02
   3.0498561e+00
  -1.4607351e+00
  -2.6989663e+00
   2.6151765e+00
   1.7748901e+00
  -3.1309428e+00
  -7.1169149e-01
   2.9839960e+00
  -9.7133653e-02
  -2.3535076e+00
   3.4750171e-01
   1.6771267e+00
  -4.6904610e-02
  -1.4596406e+00
  -3.4401651e-01
   1.7881379e+00
   2.7410011e-01
  -2.1615483e+00
   2.7934278e-01
   2.0370909e+00
  -7.4351713e-01
  -1.5164591e+00
   6.6268485e-01
   1.2470657e+00
  -3.1535377e-01
  -1.5876208e+00
   3.8391964e-01
   2.1235837e+00
  -1.0992028e+00
  -2.1644675e+00
   1.9793931e+00
   1.5250730e+00
  -2.4158381e+00
  -6.1688417e-01
   2.2666663e+00
  -9.5249070e-02
  -1.7929849e+00
   4.7404203e-01
   1.2405101e+00
  -5.6329172e-01
  -7.1083817e-01
   3.4412768e-01
   3.6309755e-01
   1.4456646e-01
  -4.1758732e-01
  -5.8811875e-01
   7.9985292e-01
   6.4258589e-01
  -1.0416944e+00
  -4.2039456e-01
   8.1526390e-01
   3.9686095e-01
  -3.9493077e-01
  -7.2602383e-01
   2.7981745e-01
   9.6593238e-01
  -4.5344156e-01
  -7.1438294e-01
   3.9665423e-01
   2.6045490e-01
   8.3907921e-02
  -1.9810102e-01
  -4.5782372e-01
   4.8379947e-01
   2.2222336e-01
  -3.8736707e-01
   2.5461621e-01
  -4.7264023e-01
  -1.0969674e-01
   1.4675335e+00
  -8.5740111e-01
  -1.6569369e+00
   1.8250020e+00
   9.5561552e-01
  -1.9087721e+00
  -2.3973090e-01
   1.2188571e+00
   2.5805376e-01
  -6.6864588e-01
  -7.6070263e-01
   8.3087212e-01
   9.1705446e-01
  -1.3348814e+00
  -3.6560258e-01
   1.4459561e+00
  -4.5275545e-01
  -9.1296763e-01
   8.7864425e-01
   1.1267572e-01
  -6.6091987e-01
   3.9025917e-01
   7.7571115e-02
  -3.1315635e-01
   3.5360414e-01
  -1.2681225e-01
  -3.6896219e-01
   4.4783326e-01
   2.4690056e-01
  -4.9696796e-01
  -4.0644897e-01
   6.3790781e-01
   7.3540194e-01
  -1.1094733e+00
  -7.2926242e-01
   1.4920240e+00
   3.8650829e-01
  -1.2852899e+00
  -4.3829849e-01
   8.5959522e-01
   1.3141055e+00
  -1.2259412e+00
  -2.2276025e+00
   2.6763009e+00
   1.8582811e+00
  -4.0797964e+00
   3.1444170e-02
   3.9148261e+00
  -2.0679562e+00
  -1.9002080e+00
   2.5169873e+00
  -6.3533866e-01
  -8.9279262e-01
   1.9559814e+00
  -1.6965253e+00
  -1.3754095e+00
   3.5958961e+00
  -3.4902740e-01
  -3.9300388e+00
   1.8666174e+00
   3.0540371e+00
  -2.4034686e+00
  -1.8904147e+00
   2.1178196e+00
   1.0320078e+00
  -1.5235330e+00
  -5.7353196e-01
   9.5195963e-01
   4.8084556e-01
  -6.2312331e-01
  -6.6241184e-01
   7.5069234e-01
   7.4949861e-01
  -1.1822543e+00
  -3.4329339e-01
   1.1735305e+00
  -2.3530756e-01
  -7.3002930e-02
  -2.3474471e-01
  -1.5464663e+00
   2.7251665e+00
   1.8016261e+00
  -6.3959240e+00
   8.3368265e-01
   8.5754982e+00
  -5.5214728e+00
  -6.9473953e+00
   9.1011411e+00
   2.0100281e+00
  -8.6968357e+00
   2.9242202e+00
   4.4650117e+00
  -4.5535583e+00
   4.3610691e-01
   2.4887824e+00
  -2.7397490e+00
   7.2865885e-01
   1.8362921e+00
  -2.3151554e+00
   2.9163464e-01
   1.6306846e+00
  -1.4009251e+00
  -6.2329447e-02
   8.4989651e-01
  -7.6288590e-01
   5.1950343e-01
   2.6738496e-01
  -1.5840750e+00
   1.1339834e+00
   1.7388227e+00
  -2.6964717e+00
  -9.3052951e-01
   3.7725391e+00
  -5.4830114e-01
  -3.9277785e+00
   2.1337494e+00
   3.0648416e+00
  -3.0892345e+00
  -1.6215136e+00
   2.9075461e+00
   4.9113133e-01
  -1.8241347e+00
  -3.9331667e-01
   7.7363421e-01
   1.1669982e+00
  -5.6104517e-01
  -1.8802601e+00
   1.0851073e+00
   1.7900362e+00
  -1.5574417e+00
  -1.0436043e+00
   1.4206127e+00
   3.5030651e-01
  -8.2355413e-01
  -2.0459655e-01
   2.6899807e-01
   5.8565368e-01
  -1.1888607e-01
  -1.1590369e+00
   4.5603465e-01
   1.5136689e+00
  -1.0982171e+00
  -1.3581925e+00
   1.6463182e+00
   7.4947894e-01
  -1.7536561e+00
  -8.7989357e-02
   1.4721992e+00
  -2.9265480e-01
  -1.1952686e+00
   5.1602900e-01
   1.1431413e+00
  -9.8364291e-01
  -1.0095680e+00
   1.7697019e+00
   2.9161084e-01
  -2.3449973e+00
   1.0285803e+00
   2.0480891e+00
  -2.2783204e+00
  -8.2495173e-01
   2.6651347e+00
  -5.8624603e-01
  -2.0582734e+00
   1.2778545e+00
   1.1816986e+00
  -1.0391004e+00
  -9.5311545e-01
   5.9875943e-01
   1.5304112e+00
  -8.7941737e-01
  -2.0617762e+00
   1.9247823e+00
   1.5702825e+00
  -2.7129803e+00
  -1.3121846e-01
   2.2435430e+00
  -1.0480678e+00
  -7.5848769e-01
   9.0432740e-01
  -3.8585326e-01
   2.6118833e-01
   1.6566695e-01
  -1.0936088e+00
   1.0037605e+00
   6.8932385e-01
  -1.7932323e+00
   4.7875859e-01
   1.4448116e+00
  -1.2314699e+00
  -4.5770605e-01
   1.0396127e+00
  -2.2660691e-01
  -4.1192206e-01
   4.0384111e-01
  -7.3707522e-02
  -5.9835939e-01
   6.9783825e-01
   9.0586073e-01
  -2.0519060e+00
  -4.3451376e-01
   3.6378456e+00
  -1.5211027e+00
  -3.7880781e+00
   3.9694967e+00
   1.5857143e+00
  -4.7544389e+00
   1.5574418e+00
   2.9902711e+00
  -3.1419938e+00
  -3.1348015e-01
   2.4138920e+00
  -9.9891039e-01
  -1.0598788e+00
   7.1937506e-01
   7.9620045e-01
  -5.4562922e-01
  -1.2006862e+00
   1.4718262e+00
   6.8329738e-01
  -2.4358262e+00
   9.9893847e-01
   2.0206591e+00
  -2.2931641e+00
  -6.6854999e-01
   2.0551612e+00
   2.5684464e-01
  -1.3153231e+00
  -1.5228621e+00
   2.0582245e+00
   2.8104270e+00
  -4.4964398e+00
  -1.9870941e+00
   6.4980169e+00
  -8.6235111e-01
  -6.0367001e+00
   3.4802372e+00
   3.4824543e+00
  -4.0479096e+00
  -9.1308347e-01
   2.8847399e+00
  -2.6500618e-01
  -1.4231867e+00
   2.3568139e-01
   4.5297480e-01
   2.9676749e-01
   5.8716303e-02
  -1.0430381e+00
  -1.2422404e-01
   1.8159225e+00
  -3.9439341e-01
  -2.1103128e+00
   1.1968131e+00
   1.5693857e+00
  -1.5125134e+00
  -6.0217845e-01
   8.8959523e-01
   9.6876472e-02
   2.6390896e-01
  -5.1974907e-01
  -1.1084208e+00
   1.5209915e+00
   1.1920853e+00
  -2.4299447e+00
  -6.7984049e-01
   2.8839144e+00
  -7.4704618e-02
