   2.4083248e-02
  -1.1883555e+00
   6.4206561e-01
   5.8994169e-01
  -1.0659420e+00
   4.3960169e-01
   1.1104185e+00
  -1.6926922e+00
  -7.0175557e-01
   2.9922996e+00
  -3.0605389e-01
  -3.9926435e+00
   1.9691772e+00
   4.0978894e+00
  -3.8561402e+00
  -2.8954167e+00
   5.0391533e+00
   7.4398692e-01
  -4.7624948e+00
   1.2651201e+00
   3.1532726e+00
  -2.0779487e+00
  -1.1956675e+00
   1.4197168e+00
   3.9256713e-02
   1.0366313e-01
  -3.1022750e-01
  -1.4062616e+00
   1.7999426e+00
   1.4746694e+00
  -3.5047159e+00
   2.9903101e-02
   4.0778611e+00
  -2.3455101e+00
  -2.7390630e+00
   3.9183324e+00
   7.4486685e-02
  -3.5942647e+00
   2.2381224e+00
   1.7087354e+00
  -2.8521855e+00
   2.0782202e-01
   1.9349818e+00
  -9.3544496e-01
  -7.8966299e-01
   6.1828275e-01
   3.9748353e-01
  -2.7140455e-01
  -5.5982326e-01
   4.8515253e-01
   4.7582361e-01
  -8.6423381e-01
   9.8179235e-02
   7.4290396e-01
  -5.5109272e-01
  -1.8460661e-01
   3.0817357e-01
  -3.6196969e-02
   2.7448419e-01
  -5.4166715e-01
  -2.0942181e-01
   1.3545294e+00
  -9.6919309e-01
  -1.3339062e+00
   2.6067479e+00
   2.6551816e-02
  -3.5468691e+00
   1.9664449e+00
   3.1891702e+00
  -3.5822396e+00
  -1.8938487e+00
   4.1716355e+00
   5.2448148e-01
  -3.8680413e+00
   2.9181745e-01
   3.3012841e+00
  -5.7028146e-01
  -2.9868658e+00
   7.9024785e-01
   2.8749792e+00
  -1.2894131e+00
  -2.4820756e+00
   1.7723871e+00
   1.5792420e+00
  -1.5468417e+00
  -7.0248194e-01
   3.9498281e-01
   7.2903711e-01
   9.3963789e-01
  -1.8665053e+00
  -1.4011342e+00
   3.2975606e+00
   7.3069794e-01
  -4.0210602e+00
   3.2616071e-01
   3.8991578e+00
  -9.8046311e-01
  -3.5970676e+00
   1.2784504e+00
   3.5435716e+00
  -1.7624433e+00
  -3.3677840e+00
   2.4741601e+00
   2.5791355e+00
  -2.7838038e+00
  -1.4578829e+00
   2.3014613e+00
   8.1157443e-01
  -1.5076116e+00
  -9.3849834e-01
   1.1413285e+00
   1.3402381e+00
  -1.2748649e+00
  -1.5576620e+00
   1.4668770e+00
   1.7578117e+00
  -1.6297653e+00
  -2.1953817e+00
   2.1444237e+00
   2.5459943e+00
  -3.0860740e+00
  -2.2436252e+00
   3.8624804e+00
   1.2967943e+00
  -3.8520965e+00
  -3.6864743e-01
   3.1344332e+00
   3.5096458e-02
  -2.3744368e+00
  -1.9386265e-01
   2.0938677e+00
   2.5102503e-01
  -2.1874443e+00
   2.4168984e-01
   2.0756811e+00
  -1.1345194e+00
  -1.2531133e+00
   1.7257524e+00
  -1.8628808e-01
  -1.3018322e+00
   1.4555245e+00
  -1.5454206e-01
  -1.6558928e+00
   1.7684829e+00
   6.4118311e-01
  -2.4737776e+00
   7.5544236e-01
   1.9859016e+00
  -1.4811149e+00
  -9.9880933e-01
   1.2040754e+00
   4.4527100e-01
  -4.6729632e-01
  -6.8290419e-01
   6.6230931e-02
   1.3421018e+00
  -3.8290594e-01
  -1.7515372e+00
   1.1797644e+00
   1.4729971e+00
  -1.8451568e+00
  -6.2497928e-01
   1.8778655e+00
  -1.8119672e-01
  -1.3289116e+00
   3.3881499e-01
   8.2772272e-01
   1.5518651e-01
  -1.0300480e+00
  -6.1977680e-01
   1.9311429e+00
   3.2974866e-01
  -2.7881744e+00
   7.5074880e-01
   2.7979007e+00
  -1.9199921e+00
  -1.8216551e+00
   2.3803642e+00
   4.4517735e-01
  -1.8734437e+00
   5.5810908e-01
   7.6285471e-01
  -7.6161737e-01
   3.3407899e-01
   2.3072761e-01
  -9.2737381e-01
   6.2500851e-01
   8.4028995e-01
  -1.2671185e+00
  -2.8446363e-01
   1.2996281e+00
  -2.0738830e-01
  -7.7597136e-01
   1.5222628e-01
   2.2859307e-01
   4.0576336e-01
  -2.0524164e-01
  -8.4995300e-01
   6.8240099e-01
   5.5725166e-01
  -9.8719252e-01
   4.2971865e-01
   3.8650789e-01
  -1.2825348e+00
   1.1395224e+00
   1.0066133e+00
  -2.6351215e+00
   6.1685988e-01
   2.8139056e+00
  -2.5943177e+00
  -1.2512349e+00
   3.4349200e+00
  -1.0294293e+00
  -2.5646239e+00
   2.4347059e+00
   9.1641313e-01
  -2.3599587e+00
   1.4600660e-01
   1.5996821e+00
  -3.2197147e-01
  -1.1125078e+00
   3.8414982e-01
   8.1917285e-01
  -8.0924284e-01
  -2.1591757e-02
   1.0115111e+00
  -1.2786306e+00
  -2.1229720e-01
   2.0963927e+00
  -1.3361453e+00
  -1.6281889e+00
   2.4768365e+00
   2.7765886e-01
  -2.4453977e+00
   8.1597288e-01
   1.6238652e+00
  -1.0731989e+00
  -8.5578515e-01
   8.8467002e-01
   3.9528796e-01
  -7.6090330e-01
   7.0876208e-02
   6.0791739e-01
  -5.7800001e-01
  -1.5843003e-01
   6.6047923e-01
  -2.7535342e-01
  -1.2581454e-01
   4.3559372e-02
  -4.2668926e-01
   8.8223159e-01
   2.5663418e-01
  -1.6802224e+00
   5.3134931e-01
   1.6324900e+00
  -1.0502204e+00
  -1.0465850e+00
   7.3975889e-01
   9.1332143e-01
  -1.3121337e-01
  -1.6747798e+00
   2.8132411e-01
   2.5989694e+00
  -1.5151992e+00
  -2.5350734e+00
   2.9523868e+00
   1.1968411e+00
  -3.3878621e+00
   4.9244875e-01
   2.5356256e+00
  -1.3757425e+00
  -1.2294039e+00
   1.2129071e+00
   4.2666090e-01
  -7.1431409e-01
  -2.6355076e-01
   5.7085062e-01
   2.0995868e-01
  -7.4810768e-01
   8.2915624e-02
   7.9544580e-01
  -4.0132902e-01
  -5.5526325e-01
   3.9202933e-01
   3.0896337e-01
  -5.7973671e-02
  -3.4366122e-01
  -2.8303485e-01
   6.0977441e-01
   3.8385864e-01
  -7.8002886e-01
  -3.7852266e-01
   5.8081633e-01
   8.1321587e-01
  -2.4094473e-01
  -2.2092159e+00
   6.6200764e-01
   4.2580400e+00
  -2.7326005e+00
  -5.5300533e+00
   6.0811409e+00
   4.5360992e+00
  -8.7587215e+00
  -1.4139698e+00
   8.7911843e+00
  -1.7617903e+00
  -6.2274104e+00
   2.8594598e+00
   3.2216451e+00
  -1.8464894e+00
  -1.8098887e+00
   6.2054196e-01
   1.9436804e+00
  -7.0910518e-01
  -2.0668073e+00
   1.7523443e+00
   1.2445792e+00
  -2.4443588e+00
  -5.5256465e-02
   2.2885439e+00
  -5.0599051e-01
  -1.8975951e+00
   2.3632445e-01
   1.9805466e+00
   3.9125447e-01
  -2.6994383e+00
  -9.5589625e-01
   3.9531084e+00
   1.2372527e+00
  -5.6844257e+00
  -9.1316604e-01
   7.6333136e+00
  -3.6498336e-01
  -9.0971748e+00
   2.4681675e+00
   9.3451501e+00
  -4.6508001e+00
  -8.2998124e+00
   6.1826700e+00
   6.5155032e+00
  -6.9792850e+00
  -4.4194849e+00
   7.2827662e+00
   1.9807725e+00
  -6.8952296e+00
   6.3715754e-01
   5.3283733e+00
  -2.5683767e+00
  -2.7929715e+00
   2.9532685e+00
   4.2595510e-01
  -2.0049122e+00
   8.2110477e-01
   8.3194989e-01
  -1.1519870e+00
  -1.4699097e-01
   1.3892518e+00
  -3.6906142e-01
  -1.7135173e+00
   1.1910924e+00
   1.4957531e+00
  -1.9003221e+00
  -4.3838242e-01
   1.5613831e+00
  -6.7457017e-01
  -3.9573717e-02
   1.3647431e-03
   3.4945738e+00
  -1.2058485e+00
  -2.4651431e+00
   1.2175310e+00
   1.7998359e+00
  -5.0458242e-01
  -2.3308811e+00
   5.0058990e-01
   3.2081750e+00
  -1.6296064e+00
  -3.0884585e+00
   2.8045956e+00
   1.8494571e+00
  -2.8887673e+00
  -5.7190958e-01
   1.9838484e+00
   1.3590691e-01
  -1.0482884e+00
  -3.8937493e-01
   7.2451200e-01
   6.1288512e-01
  -8.5866162e-01
  -3.3647141e-01
   8.5170851e-01
  -3.0916820e-01
  -1.9927445e-01
   6.7981481e-01
  -1.0296432e+00
  -1.0303737e-01
   2.0254694e+00
  -1.3379995e+00
  -1.8936860e+00
   2.5875983e+00
   7.2692538e-01
  -2.6329448e+00
   3.3747749e-01
   1.7053782e+00
  -4.2609419e-01
  -1.0084721e+00
  -3.7192345e-02
   1.2276845e+00
  -4.1539940e-02
  -1.7662924e+00
   1.0081039e+00
   1.6055422e+00
  -2.0738528e+00
  -5.8017211e-01
   2.3093007e+00
  -4.8497057e-01
  -1.6765084e+00
   7.9262736e-01
   8.8807966e-01
  -3.7352601e-01
  -4.5047914e-01
  -2.7315077e-01
   2.4383660e-01
   9.9921666e-01
  -1.1104293e-01
  -2.0167959e+00
   4.1674338e-01
   3.1340077e+00
  -1.6016952e+00
  -3.4808012e+00
   3.2922015e+00
   2.3426065e+00
  -4.2856769e+00
  -1.3459113e-01
   3.6428211e+00
  -1.7631363e+00
  -1.6601569e+00
   2.2060001e+00
  -3.8468191e-01
  -1.2054559e+00
   1.3582575e+00
  -2.8866664e-01
  -1.0693656e+00
   1.3062660e+00
   1.4744079e-01
  -1.5349941e+00
   6.4434726e-01
   1.3157201e+00
  -1.0103449e+00
  -1.1387087e+00
   1.2129651e+00
   1.1062704e+00
  -1.6049040e+00
  -8.7242582e-01
   2.0478484e+00
   2.4098282e-01
  -1.9970333e+00
   2.5823031e-01
   1.3918624e+00
   1.5264729e-01
  -1.1548951e+00
  -1.2579323e+00
   2.1889119e+00
   1.6377747e+00
  -3.9115947e+00
  -2.6452383e-01
   4.5411741e+00
  -2.0029603e+00
  -3.1619961e+00
   3.2339050e+00
   8.7961121e-01
  -2.6466549e+00
   5.5179019e-01
   1.2597190e+00
  -6.8747708e-01
  -3.0041513e-01
   3.5280557e-01
  -1.5482729e-01
  -1.1241562e-01
   6.1813775e-01
  -3.7486536e-01
  -9.6324869e-01
   1.4727598e+00
   3.3826158e-01
  -2.6000142e+00
   1.7995730e+00
   2.3782252e+00
  -4.7219395e+00
   2.2934007e-01
   6.4705332e+00
  -4.6588279e+00
  -5.1435371e+00
   8.4860525e+00
   7.3428254e-01
  -8.9448291e+00
   4.2004896e+00
   5.4115003e+00
  -6.3344688e+00
  -3.6724958e-01
   4.5680521e+00
  -2.7046600e+00
  -1.0263730e+00
   2.5619527e+00
  -1.2902520e+00
  -9.4799671e-01
   1.5371008e+00
   9.7223546e-02
  -1.2036893e+00
  -2.8027050e-01
   1.6746135e+00
   2.7277156e-01
  -2.6549195e+00
   5.3812327e-01
   3.1825445e+00
  -1.5400363e+00
  -3.1459378e+00
   2.1319484e+00
   3.0678708e+00
  -2.4900066e+00
  -3.0045527e+00
   2.8437156e+00
   2.5697763e+00
  -2.8389543e+00
  -1.8758777e+00
   2.1923254e+00
   1.5720586e+00
  -1.4431551e+00
  -1.7829384e+00
   1.3520953e+00
   1.7363478e+00
  -1.7843222e+00
  -8.0488238e-01
   1.8327072e+00
  -5.8456634e-01
  -1.0031946e+00
   1.4519000e+00
  -2.1610249e-01
  -1.3632016e+00
   9.8975305e-01
   7.4608855e-01
  -9.9356947e-01
  -3.1651672e-01
   6.0726004e-01
   3.9967997e-01
  -4.7275585e-01
  -6.8305615e-01
   8.5026882e-01
   5.3928738e-01
  -1.2550372e+00
   2.3410093e-01
   8.4443499e-01
  -9.2832519e-01
   5.8496905e-01
   4.2952891e-01
  -2.0434890e+00
   1.5962235e+00
   2.0443867e+00
  -4.1221235e+00
   8.1564758e-02
   5.4482593e+00
  -3.5689668e+00
  -4.4178172e+00
   6.7002987e+00
   1.1274862e+00
  -7.7602954e+00
   3.0650984e+00
   5.9357502e+00
  -6.0531329e+00
  -2.0152893e+00
   6.1413831e+00
  -1.7019089e+00
  -3.4822869e+00
   2.9578220e+00
   2.5609092e-01
  -1.5203393e+00
   1.2199431e+00
  -6.9857602e-01
  -6.1678492e-01
   1.7614485e+00
  -5.6657965e-01
  -1.5290712e+00
   1.0953454e+00
   1.0893575e+00
  -1.2250253e+00
  -9.3294143e-01
   1.7282467e+00
   4.6642154e-01
  -2.4734767e+00
   7.4447617e-01
   2.6219515e+00
  -2.0707076e+00
  -1.9424063e+00
   2.5862737e+00
   1.2079726e+00
  -2.3072455e+00
  -1.1353366e+00
   2.1292600e+00
   1.3977820e+00
  -2.5901298e+00
  -1.0427502e+00
   3.1150818e+00
  -2.5243468e-01
  -2.6907698e+00
   1.6765500e+00
   1.1136594e+00
  -2.1487762e+00
   7.0682388e-01
   1.5071954e+00
  -1.7406282e+00
  -6.1054288e-01
   1.9129382e+00
   2.7242272e-01
  -1.9894073e+00
  -3.5500276e-01
   2.4880477e+00
   1.1228706e-01
  -3.0153204e+00
   7.1176642e-01
   2.8497843e+00
  -1.4761556e+00
  -1.9800349e+00
   1.4526610e+00
   1.2008325e+00
  -7.4291869e-01
  -1.1591093e+00
   7.9635928e-02
   1.6805652e+00
   1.1251982e-01
  -2.2179838e+00
  -5.2226223e-02
   2.6408701e+00
  -2.0983528e-03
  -3.2408810e+00
   2.9471363e-01
   4.0549579e+00
  -1.2714844e+00
  -4.5244099e+00
   2.8616295e+00
   4.0030084e+00
  -4.2913855e+00
  -2.5353825e+00
   4.7432331e+00
   9.5979413e-01
  -4.1823198e+00
  -1.1557798e-01
   3.3850692e+00
   1.5702436e-02
  -3.0903059e+00
   3.5735052e-02
   3.2834957e+00
  -5.8244146e-01
  -3.4057010e+00
   1.5074670e+00
   3.0607422e+00
  -2.3381876e+00
  -2.3336193e+00
   2.7882651e+00
   1.5256604e+00
  -2.9212324e+00
  -7.7161058e-01
   2.9078097e+00
  -3.2004680e-02
  -2.7268521e+00
   9.6446474e-01
   2.1701894e+00
  -1.8217244e+00
  -1.1871504e+00
   2.2343683e+00
   1.4565352e-01
  -2.1239993e+00
   4.4871912e-01
   1.9395151e+00
  -5.8917652e-01
  -2.1968429e+00
   9.3223257e-01
   2.7177162e+00
  -2.0361533e+00
  -2.6196499e+00
   3.4579414e+00
   1.3730508e+00
  -4.0093467e+00
   2.9846556e-01
   3.1527757e+00
  -1.0434416e+00
  -1.7978299e+00
   4.5875936e-01
   1.2913072e+00
   4.2625607e-01
  -1.8407590e+00
  -4.2706781e-01
   2.4251575e+00
  -4.8589725e-01
  -2.1358235e+00
   1.4700462e+00
   1.0211543e+00
  -1.9572394e+00
   4.6855935e-01
   1.9063840e+00
  -2.1897869e+00
  -1.0841301e+00
   3.9156277e+00
  -1.0524833e+00
  -4.6263117e+00
   4.2935070e+00
   3.0692085e+00
  -6.9953309e+00
   6.5971924e-01
   7.2162833e+00
  -4.5738502e+00
  -4.6617360e+00
   6.3408544e+00
   1.1289244e+00
  -5.3361816e+00
   1.1429619e+00
   2.9531751e+00
  -1.3484396e+00
  -1.0633289e+00
   3.1695918e-01
   5.1515273e-01
   6.8920254e-01
  -1.0051713e+00
  -9.7737934e-01
   1.8206665e+00
   5.0709760e-01
  -2.3914654e+00
   4.1268955e-01
   2.4531572e+00
  -1.3608768e+00
  -2.0941002e+00
   2.0705060e+00
   1.5882372e+00
  -2.5974132e+00
  -9.9040180e-01
   3.0337006e+00
   6.5408959e-02
  -3.0662080e+00
   1.1419016e+00
   2.1810211e+00
  -1.8611137e+00
  -5.0014523e-01
   1.1533870e+00
  -8.4439479e-01
   9.5975767e-01
   5.2499873e-01
  -3.1498728e+00
   1.7002726e+00
   3.7590926e+00
  -4.5911212e+00
  -2.1571249e+00
   6.3136211e+00
  -7.7004652e-01
  -5.7594896e+00
   3.2675026e+00
   3.2878404e+00
  -3.9207369e+00
  -4.7257364e-01
   2.6933517e+00
  -1.1001408e+00
  -9.9026009e-01
   1.2746170e+00
   2.9791285e-01
  -1.5257373e+00
  -4.5897999e-01
   3.2328590e+00
  -3.0692358e-01
  -5.7518493e+00
   3.2414011e+00
   6.7672190e+00
  -7.1968175e+00
  -4.7895109e+00
   9.4518981e+00
   9.5246240e-01
  -8.4008503e+00
   1.9783703e+00
   5.1480769e+00
  -2.3214198e+00
  -2.2628128e+00
   9.1806954e-01
   1.1200409e+00
   2.6971030e-01
  -9.0123226e-01
  -5.4535967e-01
   2.3863996e-01
   8.7454808e-01
   8.7733683e-01
  -2.1775629e+00
  -1.2981756e+00
   4.0756222e+00
   2.7679466e-01
  -5.4714724e+00
   1.8306282e+00
   5.7000600e+00
  -4.1785938e+00
  -4.7607372e+00
   6.0889578e+00
   2.8654211e+00
  -7.0267878e+00
  -3.0698050e-01
   6.4722573e+00
  -2.2316156e+00
  -4.2794897e+00
   3.6915101e+00
   1.1339480e+00
  -3.3391329e+00
   1.6593463e+00
   1.4457390e+00
  -3.0438950e+00
   8.9702739e-01
   2.8804552e+00
  -2.6334284e+00
  -1.7968000e+00
   3.3685789e+00
   5.1923369e-01
  -3.2855936e+00
   5.8526211e-01
   2.6676164e+00
  -1.4186592e+00
  -1.6306448e+00
   1.8150004e+00
   3.4018352e-01
  -1.5253419e+00
   6.8653229e-01
   6.6098225e-01
  -8.5302097e-01
   6.0359666e-02
   2.0986149e-01
   9.5485601e-02
   3.8573076e-01
  -1.0101744e+00
  -1.3367615e-01
   1.7749664e+00
  -8.3321309e-01
  -1.7066802e+00
   1.7000465e+00
   1.0023182e+00
  -1.9393248e+00
  -3.0463868e-01
   1.7051728e+00
  -3.4694446e-02
  -1.3909607e+00
   7.3234728e-02
   1.2031643e+00
   3.3508181e-02

