  -9.7692704e-02
   4.7690143e+00
   2.0156817e+00
  -3.9142208e+00
  -3.7417259e+00
   1.9585401e+00
   4.2874002e+00
   2.8727503e-01
  -3.4200011e+00
  -1.8156482e+00
   1.7534721e+00
   2.2298357e+00
   3.5313029e-02
  -1.3088590e+00
  -6.1536062e-01
   5.1243862e-01
   3.8547652e-01
  -1.0101195e+00
  -1.8249541e+00
  -1.3882857e-01
   2.9902366e+00
   3.6811788e+00
   2.1523929e-01
  -3.7833896e+00
  -3.7066305e+00
  -2.5398527e-01
   1.8270677e+00
   8.1283541e-01
   2.8068969e-02
   1.8240075e+00
   3.2721922e+00
   7.2066588e-01
  -3.8913809e+00
  -5.2466890e+00
  -2.0656499e+00
   1.8492080e+00
   3.5522411e+00
   3.5673554e+00
   2.4881811e+00
  -3.7970256e-01
  -3.8564042e+00
  -4.4328482e+00
  -1.0132462e+00
   2.6123120e+00
   2.3393722e+00
  -6.9169565e-01
  -1.6284200e+00
   1.2172687e+00
   3.7898624e+00
   1.9237848e+00
  -2.7657255e+00
  -5.0013253e+00
  -2.5757959e+00
   1.4260940e+00
   2.9577496e+00
   1.7789203e+00
   8.2959615e-01
   1.3714969e+00
   9.1532727e-01
  -2.4666229e+00
  -5.6360268e+00
  -3.5006032e+00
   3.3368699e+00
   7.5074987e+00
   3.7000228e+00
  -3.7528115e+00
  -5.9106719e+00
  -1.0234264e+00
   3.4861386e+00
   1.7513338e+00
  -2.6938041e+00
  -2.7182062e+00
   2.0971972e+00
   5.1466550e+00
   2.1281458e+00
  -3.2619090e+00
  -4.6682938e+00
  -1.4127943e+00
   1.6472390e+00
   1.4480486e+00
   1.1249103e-01
   4.1979979e-01
   1.4739585e+00
   1.0639024e+00
  -2.9749071e-01
  -7.7912971e-01
  -9.7803186e-01
  -2.4573921e+00
  -3.2956642e+00
   1.3699144e-01
   5.9893072e+00
   6.7261093e+00
  -5.0092898e-01
  -7.6399564e+00
  -5.4865259e+00
   2.8525035e+00
   5.5199143e+00
  -8.4236999e-01
  -5.6489629e+00
  -2.4618306e-01
   8.1498669e+00
   6.4836143e+00
  -4.3904697e+00
  -1.0410273e+01
  -4.5129393e+00
   4.4404495e+00
   5.9503557e+00
   1.6684558e+00
  -6.0912256e-01
   3.5959576e-01
  -1.6207946e-01
  -3.0631346e+00
  -3.5543963e+00
   4.5961141e-01
   4.1637770e+00
   2.8576422e+00
  -1.1299553e+00
  -2.5536821e+00
  -9.5259505e-01
   3.6034761e-01
   3.7733592e-01
   5.8116868e-01
   9.0273721e-01
   1.0818844e-01
  -1.0093685e+00
  -7.6589449e-01
   1.7409179e-01
   1.0059665e-01
  -3.3161281e-01
   6.5578572e-01
   2.0726885e+00
   1.0472805e+00
  -2.1333996e+00
  -3.4244216e+00
  -9.4215326e-01
   1.9815489e+00
   2.0755855e+00
   8.3407681e-01
   7.5870728e-01
   6.7718700e-01
  -1.2767033e+00
  -3.2290487e+00
  -2.1490224e+00
   1.1783741e+00
   3.0669229e+00
   1.8306303e+00
  -5.4967753e-01
  -1.4139391e+00
  -5.0533980e-01
   3.6673016e-01
  -2.2755643e-02
  -8.0125448e-01
  -3.8275987e-01
   1.0255261e+00
   1.3195994e+00
  -4.4869974e-01
  -2.0604773e+00
  -8.9966149e-01
   1.9500736e+00
   2.7638223e+00
   3.6435861e-01
  -2.2840616e+00
  -2.3906425e+00
  -8.0344945e-01
   3.0332948e-01
   9.7172429e-01
   2.1984902e+00
   2.7242143e+00
   4.8297847e-01
  -3.2298865e+00
  -4.4473337e+00
  -1.5966230e+00
   2.7411144e+00
   4.9348483e+00
   3.1298411e+00
  -1.7873010e+00
  -5.8619329e+00
  -4.6451856e+00
   1.4017646e+00
   6.1994656e+00
   5.0753541e+00
   3.5838798e-02
  -3.9216190e+00
  -4.6135657e+00
  -2.8050204e+00
   1.4547010e-01
   2.7412053e+00
   3.8278254e+00
   3.3796496e+00
   1.2701606e+00
  -2.9017511e+00
  -6.4750613e+00
  -4.2473235e+00
   3.4013977e+00
   7.6132031e+00
   2.4696833e+00
  -5.1099849e+00
  -4.6717267e+00
   2.1236400e+00
   4.4091009e+00
  -9.3680677e-01
  -5.0702515e+00
  -1.2487623e+00
   5.3194052e+00
   5.5689851e+00
  -9.2691377e-01
  -6.3215306e+00
  -4.9680073e+00
   6.8103941e-01
   4.4263597e+00
   3.4962161e+00
   2.4076708e-01
  -1.6879839e+00
  -1.2152625e+00
  -2.0141976e-02
   1.2640901e-01
  -6.2196125e-01
  -9.3776771e-01
  -2.7597571e-01
   7.1806449e-01
   1.2878720e+00
   1.1599406e+00
   3.6525596e-01
  -6.9163632e-01
  -1.2317455e+00
  -9.2807472e-01
  -3.4828700e-01
   1.0421764e-01
   6.9544839e-01
   1.0048601e+00
   7.1497229e-02
  -9.8111267e-01
   2.9279827e-01
   2.6699958e+00
   1.5225040e+00
  -3.4278433e+00
  -5.7265923e+00
  -1.2299326e+00
   5.0270162e+00
   5.4940700e+00
   3.9758023e-01
  -3.4372788e+00
  -2.3464488e+00
   4.4857036e-01
   8.8510167e-01
  -5.3239836e-01
  -9.8817499e-01
   5.5221787e-02
   9.4692868e-01
   8.9274717e-01
   5.6730040e-01
   3.8669085e-01
   1.3974300e-04
  -7.6821534e-01
  -1.5362254e+00
  -1.6391566e+00
  -5.1214005e-01
   1.5458749e+00
   3.0265316e+00
   2.4408074e+00
  -8.1663256e-02
  -2.7847481e+00
  -3.6686743e+00
  -1.9936248e+00
   9.4220688e-01
   2.7515450e+00
   2.4086486e+00
   1.1983238e+00
   4.6478214e-01
  -3.6143300e-01
  -2.0721617e+00
  -3.3064440e+00
  -2.0393331e+00
   9.9500172e-01
   2.6504432e+00
   1.7546423e+00
   9.2433065e-01
   2.0246578e+00
   2.0414224e+00
  -2.4016862e+00
  -7.6577021e+00
  -6.1029849e+00
   2.6199822e+00
   9.3516646e+00
   6.8752818e+00
  -1.1442725e+00
  -5.8456737e+00
  -4.2155804e+00
  -6.2211902e-01
   6.8418046e-01
   3.1825760e-01
   8.2089001e-01
   2.3112214e+00
   2.6439336e+00
   5.0730491e-01
  -2.7125467e+00
  -3.9331851e+00
  -1.5014985e+00
   2.3765271e+00
   3.5460623e+00
   1.0183603e+00
  -1.7094365e+00
  -1.7141469e+00
  -4.0809283e-01
  -1.7672490e-01
  -2.6106229e-01
   9.5994793e-01
   2.1769392e+00
   1.1633739e+00
  -1.1921180e+00
  -2.1347709e+00
  -1.1737794e+00
  -2.0995204e-01
  -2.2515820e-01
  -4.9395235e-02
   1.5734796e+00
   3.7247071e+00
   3.4619056e+00
  -9.8262989e-01
  -6.6326323e+00
  -7.3473371e+00
  -1.0090016e+00
   6.6140531e+00
   8.0343349e+00
   2.8153750e+00
  -2.9525439e+00
  -4.7696782e+00
  -3.4717554e+00
  -1.4361258e+00
   6.3619428e-01
   2.4514204e+00
   3.0015470e+00
   1.8365191e+00
  -3.2695641e-01
  -2.3512416e+00
  -2.8068439e+00
  -5.9386401e-01
   2.7055994e+00
   2.9725443e+00
  -1.0052759e+00
  -4.2427596e+00
  -1.9351900e+00
   2.8138124e+00
   3.3609833e+00
  -4.4597250e-03
  -1.2064167e+00
   7.8944571e-01
   6.5949912e-01
  -2.9377818e+00
  -4.0939290e+00
   4.2473799e-01
   5.0843517e+00
   3.7934311e+00
  -1.0927230e+00
  -3.1101427e+00
  -1.3066919e+00
   1.2796523e-02
  -9.1114548e-01
  -1.1547927e+00
   1.3225414e+00
   4.0328701e+00
   3.2063590e+00
  -1.1933001e+00
  -5.0928815e+00
  -4.6340286e+00
  -1.4962307e-01
   8.0857804e-02
  -3.6084660e+00
  -4.1741690e+00
  -1.5090886e+00
   1.6518850e+00
   2.7538913e+00
   1.6079034e+00
  -1.7590633e-01
  -1.0140113e+00
  -4.5163690e-01
   6.4783830e-01
   7.1331449e-01
  -8.3346046e-01
  -2.3860646e+00
  -1.8100001e+00
   7.7158424e-01
   3.1154200e+00
   3.3891510e+00
   1.2690133e+00
  -2.3656471e+00
  -5.0229688e+00
  -3.5992068e+00
   1.5767799e+00
   5.4888866e+00
   4.2095169e+00
  -8.9475750e-02
  -2.9897533e+00
  -3.8454128e+00
  -3.8942918e+00
  -1.6303076e+00
   4.0351294e+00
   8.2309558e+00
   4.8344708e+00
  -3.7769028e+00
  -8.4786905e+00
  -5.2299774e+00
   1.0857166e+00
   4.8974233e+00
   5.4224334e+00
   3.1543507e+00
  -2.0010685e+00
  -6.9085663e+00
  -5.9901337e+00
   1.0860661e+00
   7.3759134e+00
   6.7776256e+00
   5.0278341e-01
  -5.6090485e+00
  -6.8775700e+00
  -2.7007813e+00
   3.2420322e+00
   5.7192994e+00
   3.0372088e+00
  -1.1316027e+00
  -2.5154864e+00
  -1.3953476e+00
  -8.3458034e-01
  -1.2539087e+00
  -2.4116842e-01
   2.3257768e+00
   2.9863729e+00
   2.7342958e-01
  -2.1008568e+00
  -9.3856677e-01
   7.8776131e-01
  -1.0455684e+00
  -3.5656011e+00
  -7.1287337e-01
   5.6205689e+00
   6.3725343e+00
  -1.1042056e+00
  -7.8466628e+00
  -5.4204514e+00
   2.6782195e+00
   6.5766629e+00
   2.9279069e+00
  -2.8065002e+00
  -4.5568696e+00
  -1.5229758e+00
   2.8067401e+00
   4.0371332e+00
   5.7987088e-01
  -3.7966045e+00
  -3.4915686e+00
   1.2799612e+00
   4.1384491e+00
   1.5758469e+00
  -2.3956893e+00
  -2.9350221e+00
  -7.5923173e-01
   1.0447869e+00
   2.0626211e+00
   2.9057187e+00
   1.9441961e+00
  -2.1648721e+00
  -6.1870596e+00
  -4.8742590e+00
   1.6597569e+00
   6.9560869e+00
   6.0971397e+00
   1.0578692e+00
  -3.3701549e+00
  -5.1342428e+00
  -4.5301611e+00
  -1.9565443e+00
   1.6650742e+00
   4.5410931e+00
   5.4508408e+00
   4.0966000e+00
   1.5144045e-01
  -5.6413216e+00
  -9.3027777e+00
  -5.9947337e+00
   3.3358936e+00
   1.0418912e+01
   8.1576960e+00
  -6.9778682e-01
  -6.7937711e+00
  -5.4080721e+00
  -7.2322628e-01
   1.4667439e+00
   1.0552998e+00
   1.1633301e+00
   1.9445136e+00
   1.0610858e+00
  -1.3710966e+00
  -2.4667857e+00
  -8.8443060e-01
   1.4526101e+00
   2.0196774e+00
   4.5335578e-01
  -1.3645516e+00
  -1.4900432e+00
  -3.2708709e-01
  -3.4729681e-02
  -7.1614531e-01
   5.3019761e-01
   4.1742931e+00
   4.8399038e+00
  -1.5345721e+00
  -9.1413253e+00
  -7.9192990e+00
   2.2334621e+00
   1.0069072e+01
   7.5626072e+00
  -6.2769345e-01
  -5.2223310e+00
  -4.2516854e+00
  -2.4098428e+00
  -1.9933217e+00
  -2.6510024e-01
   4.0894553e+00
   6.9009554e+00
   3.8462549e+00
  -2.9125808e+00
  -6.9335696e+00
  -5.1526194e+00
  -3.9486623e-01
   3.0998573e+00
   3.9895786e+00
   3.3538181e+00
   1.8388193e+00
  -9.6025693e-01
  -4.1991325e+00
  -4.9817464e+00
  -1.8195303e+00
   2.5194364e+00
   4.1320796e+00
   2.7650949e+00
   8.5703816e-01
  -6.3935896e-01
  -2.2245206e+00
  -3.0561594e+00
  -1.7845213e+00
   6.6727973e-01
   2.1109918e+00
   1.9724027e+00
   1.0721095e+00
  -2.8294794e-02
  -8.7427752e-01
  -1.0099590e+00
  -9.6244423e-01
  -1.3615933e+00
  -9.5607586e-01
   1.6268927e+00
   4.1291262e+00
   2.4636046e+00
  -2.8387576e+00
  -5.7820969e+00
  -2.4483988e+00
   3.5650451e+00
   5.7010851e+00
   2.3027278e+00
  -2.6493738e+00
  -4.8489022e+00
  -3.0327398e+00
   1.1747318e+00
   4.0816817e+00
   2.5686047e+00
  -1.5805171e+00
  -2.6350293e+00
   1.1243632e+00
   3.9174186e+00
   6.1017723e-01
  -5.2349723e+00
  -6.1175349e+00
  -6.1232131e-01
   5.7813342e+00
   7.4520969e+00
   3.1095622e+00
  -3.9024099e+00
  -7.5552823e+00
  -4.3601248e+00
   2.1568974e+00
   5.1850514e+00
   2.9224957e+00
  -3.8577019e-01
  -1.3734184e+00
  -1.1558865e+00
  -1.4554831e+00
  -1.3256473e+00
   4.5783506e-01
   2.4581046e+00
   2.1892745e+00
  -3.6543748e-01
  -2.5302222e+00
  -2.1195475e+00
   3.2229559e-01
   2.4289048e+00
   2.1305696e+00
  -6.2191355e-01
  -3.0489602e+00
  -1.8358366e+00
   2.0966769e+00
   3.5080164e+00
   3.0140982e-02
  -3.6324898e+00
  -2.2674418e+00
   2.0975614e+00
   3.4590776e+00
   5.9537039e-01
  -2.2518210e+00
  -2.2352930e+00
  -7.3007597e-01
   4.7167059e-01
   1.4995508e+00
   2.2572254e+00
   1.3905071e+00
  -1.2127727e+00
  -3.0837618e+00
  -1.9988273e+00
   8.4501540e-01
   2.2011286e+00
   1.0722318e+00
  -3.5923970e-01
  -3.6857271e-01
   1.4878062e-01
  -2.2560428e-02
  -4.2191680e-01
  -3.7449323e-01
  -2.4437258e-01
  -1.7227296e-01
   3.7585044e-01
   9.6118006e-01
   2.3070531e-01
  -1.4490970e+00
  -1.5801991e+00
   8.9641186e-01
   3.3257402e+00
   2.3246224e+00
  -1.7290510e+00
  -4.6620835e+00
  -3.1031910e+00
   1.6172849e+00
   4.6840859e+00
   2.9335944e+00
  -1.6046079e+00
  -3.8628172e+00
  -1.5128515e+00
   2.3174765e+00
   2.8964157e+00
  -3.1011988e-01
  -3.0648702e+00
  -1.6979715e+00
   2.1263819e+00
   3.2456500e+00
  -2.9690516e-01
  -4.1633966e+00
  -2.9826875e+00
   2.4894925e+00
   5.8609354e+00
   2.8072061e+00
  -3.5886335e+00
  -6.2868222e+00
  -2.4304883e+00
   3.4944303e+00
   5.1450649e+00
   1.4696381e+00
  -2.9070781e+00
  -3.4542721e+00
  -4.2370616e-01
   2.2201480e+00
   1.7987831e+00
  -9.9383527e-02
  -4.9213089e-01
   2.5900387e-01
  -6.3449051e-01
  -2.8239863e+00
  -2.2118320e+00
   2.3812338e+00
   5.8314694e+00
   3.1816836e+00
  -3.1624642e+00
  -6.2570172e+00
  -3.2783381e+00
   1.8429897e+00
   4.0329142e+00
   2.5467696e+00
   2.3441850e-01
  -6.9150145e-01
  -6.8363280e-01
  -1.1551988e+00
  -2.0357164e+00
  -1.7907210e+00
   2.9237773e-01
   2.7288052e+00
   3.3601202e+00
   1.7398681e+00
  -7.8485129e-01
  -2.8359237e+00
  -3.6369227e+00
  -2.4549666e+00
   6.6714917e-01
   3.7195640e+00
   4.1760059e+00
   1.7365683e+00
  -1.6021478e+00
  -3.6336444e+00
  -3.1032689e+00
  -1.4291747e-01
   2.9255763e+00
   2.6880668e+00
  -1.1282110e+00
  -3.6791837e+00
  -6.4386252e-01
   4.7003157e+00
   4.6751040e+00
  -1.8381189e+00
  -6.9582020e+00
  -4.4331752e+00
   2.3461592e+00
   5.9444901e+00
   4.1192491e+00
   3.5134014e-02
  -3.2136270e+00
  -4.4920219e+00
  -3.2004485e+00
   4.1685714e-01
   4.0321711e+00
   4.7084861e+00
   1.9550645e+00
  -1.7868031e+00
  -3.8262790e+00
  -3.4232455e+00
  -1.2452688e+00
   1.7186040e+00
   3.7933936e+00
   3.0183569e+00
  -2.8935252e-01
  -2.8155779e+00
  -2.1378764e+00
  -6.8278656e-02
   2.2582577e-01
  -6.9379263e-01
   4.0823020e-01
   3.3241720e+00
   3.3365120e+00
  -1.6513128e+00
  -6.3225168e+00
  -4.1349924e+00
   3.3108615e+00
   7.3778273e+00
   3.2735914e+00
  -3.8431631e+00
  -5.7942432e+00
  -1.7437128e+00
   2.1338721e+00
   2.0536058e+00
   6.6345361e-01
   9.3090715e-01
   1.1620304e+00
  -8.9463023e-01
  -2.9230264e+00
  -1.3862102e+00
   2.1703509e+00
   2.8165331e+00
  -3.9340962e-01
  -3.0063928e+00
  -1.6866962e+00
   1.3478060e+00
   2.0627004e+00
   3.8297688e-01
  -4.7433196e-01
   4.9556972e-01
   6.7602937e-01
  -1.2841369e+00
  -2.5312713e+00
  -4.0645943e-01
   2.5701887e+00
   1.8641620e+00
  -1.6403652e+00
  -2.1490806e+00
   1.7055353e+00
   3.5274687e+00
  -9.1215765e-01
  -5.6808876e+00
  -2.8754533e+00
   4.8689210e+00
   7.3102813e+00
   8.0776548e-01
  -6.8070211e+00
  -6.5983824e+00
   5.4351591e-01
   6.0030259e+00
   4.5400768e+00
  -5.2625783e-01
  -3.4271515e+00
  -2.7427186e+00
  -3.9360460e-01
   1.7128353e+00
   1.9787085e+00
   1.0236937e-02
  -1.6843648e+00
  -6.0978370e-01
   1.4573906e+00
   1.1285592e+00
  -9.1710594e-01
  -1.2529219e+00
   4.3759498e-01
   1.0354144e+00
  -7.7595394e-01
  -2.3448660e+00
  -8.5663067e-01
   2.6575304e+00
   4.3169033e+00
   1.8841978e+00
  -2.6672766e+00
  -5.2725510e+00
  -3.7679126e+00
   5.8351658e-01
   4.5551197e+00
   5.1726730e+00
   1.7082026e+00
  -3.1251028e+00
  -4.9261539e+00
  -2.1748556e+00
   1.7496378e+00
   2.7438725e+00
   1.0123171e+00
  -2.4442597e-01
   8.3877926e-02
   1.8721618e-01
  -8.9499566e-01
  -1.6248680e+00
  -6.3013930e-01
   1.0402464e+00
   1.3922177e+00
   2.2586643e-01
  -7.3328614e-01
  -2.9587555e-01
   6.2215777e-01
   4.7940746e-01
  -5.4526030e-01
  -8.8082798e-01
  -8.1353034e-02
   5.1792902e-01
   9.0946368e-02

