  -5.4007034e-03
  -1.3949294e-01
   2.0079499e+00
  -1.0960380e+00
  -2.8156000e+00
   2.4806597e+00
   2.3478267e+00
  -2.9780664e+00
  -1.5670223e+00
   2.6332280e+00
   1.2994470e+00
  -2.3142857e+00
  -1.3621643e+00
   2.5293444e+00
   1.0177054e+00
  -2.8082801e+00
  -1.1309637e-01
   2.4172464e+00
  -6.2273623e-01
  -1.4254021e+00
   5.2760878e-01
   6.6752095e-01
   8.2544145e-02
  -6.4072028e-01
  -2.9072824e-01
   8.2391590e-01
  -2.3265223e-01
  -3.4163787e-01
   7.9661597e-01
  -9.0233214e-01
  -5.5660819e-01
   2.0858098e+00
  -4.8873798e-01
  -2.4201117e+00
   1.5991017e+00
   1.9164707e+00
  -2.1829608e+00
  -1.1177065e+00
   2.2691853e+00
   3.4481465e-01
  -2.1133065e+00
   5.1738497e-01
   1.6323810e+00
  -1.4978857e+00
  -4.9133075e-01
   2.0748420e+00
  -1.2189522e+00
  -1.5375786e+00
   2.6329193e+00
  -1.3736487e-01
  -2.7286719e+00
   1.9911644e+00
   1.3151994e+00
  -2.8067894e+00
   7.2090650e-01
   2.0765806e+00
  -2.0962730e+00
  -3.0966276e-01
   1.9846721e+00
  -1.3758485e+00
  -4.5023156e-01
   1.9268069e+00
  -1.5935170e+00
  -9.8168032e-01
   2.8725386e+00
  -8.2059017e-01
  -2.5991847e+00
   2.2191101e+00
   1.1022626e+00
  -2.3119974e+00
   4.5587866e-01
   1.2872069e+00
  -1.1196718e+00
  -1.3065660e-01
   8.9104027e-01
  -3.8013899e-01
  -4.3700205e-01
   2.8026252e-01
   2.2678513e-01
  -3.8698900e-02
  -1.8277577e-01
  -1.2842849e-01
   9.9562419e-02
   3.2654055e-01
  -3.7110667e-02
  -5.5311071e-01
   1.1927681e-01
   5.7746812e-01
  -1.7458525e-01
  -3.2891036e-01
  -8.9490842e-02
   1.1824761e-01
   5.4762394e-01
  -1.9382871e-01
  -6.4506408e-01
   2.0557632e-01
   1.3977371e-01
   4.9524473e-01
   4.1166301e-01
  -1.9688870e+00
  -2.0635362e-01
   3.4248969e+00
  -9.2870850e-01
  -3.9164130e+00
   2.4133759e+00
   3.0661949e+00
  -3.4343057e+00
  -1.1758621e+00
   3.3911378e+00
  -1.0143712e+00
  -2.1223162e+00
   2.6128601e+00
   5.8837862e-02
  -2.9917186e+00
   1.8833992e+00
   2.2359458e+00
  -2.8791672e+00
  -1.1345611e+00
   2.8584763e+00
   4.8956921e-01
  -2.5094953e+00
  -3.5571990e-01
   2.4747793e+00
   8.9676977e-02
  -2.5885195e+00
   7.7986507e-01
   2.0373135e+00
  -1.8125443e+00
  -3.2030293e-01
   1.8876382e+00
  -1.9662601e+00
  -2.7256524e-01
   3.3834004e+00
  -2.4816118e+00
  -2.8386324e+00
   4.7894994e+00
   5.9877088e-01
  -5.2875836e+00
   1.8963312e+00
   3.8868602e+00
  -3.2091850e+00
  -1.6768071e+00
   2.9149932e+00
  -4.7528984e-02
  -1.6395976e+00
   6.5733834e-01
   3.4544918e-01
  -3.3844043e-01
   3.6367731e-01
  -3.4135625e-01
  -4.3166973e-01
   9.1880216e-01
   1.1211020e-01
  -1.2105091e+00
   3.3623581e-01
   1.1874571e+00
  -7.3722449e-01
  -8.2617140e-01
   8.8363776e-01
   1.7871937e-01
  -5.1185255e-01
   4.4672045e-01
  -4.5658310e-01
  -5.5622144e-01
   1.6669288e+00
  -1.1906461e-01
  -2.4859842e+00
   1.2956144e+00
   2.5207507e+00
  -2.3447604e+00
  -1.9580388e+00
   2.8708373e+00
   1.3306309e+00
  -3.0161851e+00
  -9.8775449e-01
   3.1990520e+00
   8.4705364e-01
  -3.6735217e+00
  -5.6668767e-01
   4.3551414e+00
  -1.6521469e-01
  -4.9003648e+00
   1.4109695e+00
   4.8841667e+00
  -2.8391963e+00
  -4.0966507e+00
   3.8233152e+00
   2.8589578e+00
  -3.9360823e+00
  -1.9349355e+00
   3.4569988e+00
   1.8516800e+00
  -3.1948519e+00
  -2.2733158e+00
   3.6095137e+00
   2.3030992e+00
  -4.2252320e+00
  -1.5135786e+00
   4.1633353e+00
   4.4083265e-01
  -3.2104692e+00
   1.2487088e-01
   2.0437887e+00
  -1.0975601e-01
  -1.3255387e+00
   7.5543993e-02
   9.3912169e-01
  -2.7357140e-01
  -4.0307419e-01
   2.6396196e-01
  -2.2627796e-01
   3.4167916e-01
   3.3291425e-01
  -1.1311395e+00
   3.4276869e-01
   1.2668068e+00
  -1.1450478e+00
  -5.5181509e-01
   1.1364457e+00
  -1.7960004e-01
  -2.0618167e-01
  -1.1296781e-01
  -6.7174547e-01
   1.5444113e+00
   3.4969797e-01
  -3.1012672e+00
   1.3995479e+00
   3.5254073e+00
  -3.6788430e+00
  -2.3332712e+00
   5.1788400e+00
   1.2080747e-01
  -5.0679088e+00
   1.8634484e+00
   3.5083869e+00
  -2.5230901e+00
  -1.5776222e+00
   1.7178625e+00
   4.8369256e-01
  -4.2286332e-01
  -5.2098111e-01
  -1.8162297e-01
   8.4450803e-01
  -8.1725873e-02
  -5.0346328e-01
   2.9681341e-01
  -3.9721401e-01
   3.3873003e-01
   8.5313230e-01
  -1.5016068e+00
  -2.1839605e-01
   2.1528809e+00
  -1.0470415e+00
  -1.7362341e+00
   1.9536189e+00
   6.7752782e-01
  -2.0068057e+00
   2.0978673e-01
   1.5147422e+00
  -5.3475225e-01
  -1.0847644e+00
   5.3195126e-01
   1.0092379e+00
  -6.7703873e-01
  -1.0622028e+00
   1.1832975e+00
   7.4436244e-01
  -1.7456517e+00
   2.2153588e-01
   1.7172592e+00
  -1.5069432e+00
  -6.6576833e-01
   2.3176199e+00
  -1.1479038e+00
  -2.0230427e+00
   2.8809213e+00
   6.7357764e-01
  -3.7104454e+00
   1.0556733e+00
   3.3294734e+00
  -2.3101424e+00
  -2.0332405e+00
   2.4945084e+00
   5.4937292e-01
  -1.5814190e+00
   3.0802862e-01
   2.0081155e-01
  -1.7521102e-01
   7.4223122e-01
  -5.1968531e-01
  -8.2717637e-01
   9.5691745e-01
   5.0924483e-01
  -8.2014593e-01
  -5.6319423e-01
   6.3275288e-01
   1.1430725e+00
  -1.0524846e+00
  -1.6250109e+00
   2.0168918e+00
   1.4152157e+00
  -2.8307688e+00
  -6.3623209e-01
   2.9807325e+00
  -1.0662735e-01
  -2.5973934e+00
   3.9848705e-01
   2.1803261e+00
  -3.2582023e-01
  -2.0986075e+00
   3.1428165e-01
   2.2943135e+00
  -7.2534448e-01
  -2.3203275e+00
   1.4352453e+00
   1.8110079e+00
  -1.8529114e+00
  -1.0228131e+00
   1.5787532e+00
   6.6922627e-01
  -9.5706063e-01
  -1.0826350e+00
   7.1185441e-01
   1.7961767e+00
  -1.1148565e+00
  -2.1088368e+00
   1.7813508e+00
   1.8029732e+00
  -2.2024505e+00
  -1.1354690e+00
   2.1445352e+00
   4.4039170e-01
  -1.5475434e+00
  -7.5278361e-02
   4.7883627e-01
   5.3110722e-01
   5.6400124e-01
  -2.0491740e+00
  -6.5085945e-01
   3.9782218e+00
  -7.6000164e-01
  -4.9306147e+00
   2.9448009e+00
   4.0155916e+00
  -4.2595924e+00
  -1.8833734e+00
   3.6433745e+00
   2.2387018e-01
  -1.6494144e+00
  -1.6833625e-01
  -1.6661454e-01
   1.3952616e+00
   6.7851100e-01
  -2.7142869e+00
   1.2968093e-01
   3.1112683e+00
  -1.4913755e+00
  -2.2432483e+00
   2.4005583e+00
   5.2260408e-01
  -2.0970324e+00
   9.6549855e-01
   6.7909048e-01
  -1.1139401e+00
   6.8092448e-01
  -9.1844926e-02
   3.3336842e-02
  -1.1244478e-01
   2.0447891e-01
  -2.8813292e-01
  -8.7270747e-02
   8.1840501e-01
  -5.8500814e-01
  -9.2632747e-01
   1.4947384e+00
   3.3096703e-01
  -1.9709430e+00
   5.1670342e-01
   1.7922970e+00
  -9.0225309e-01
  -1.5441911e+00
   8.1443579e-01
   1.8218867e+00
  -9.8998146e-01
  -2.3218200e+00
   1.8126237e+00
   2.2167013e+00
  -2.6096611e+00
  -1.4023991e+00
   2.4772288e+00
   8.2950446e-01
  -1.5755547e+00
  -1.3185383e+00
   1.0393673e+00
   2.4377600e+00
  -1.5402114e+00
  -3.0089651e+00
   2.4320819e+00
   2.5649507e+00
  -2.5810627e+00
  -1.8815426e+00
   1.7462129e+00
   2.0454348e+00
  -8.7223646e-01
  -3.2280543e+00
   1.1061403e+00
   4.4337844e+00
  -2.6312306e+00
  -4.4079464e+00
   4.4397611e+00
   2.8019026e+00
  -5.2199812e+00
  -4.7696194e-01
   4.4501847e+00
  -1.2631249e+00
  -2.6950751e+00
   1.6872167e+00
   1.0257405e+00
  -1.0516599e+00
  -1.9460561e-01
   2.5620712e-01
   1.3847247e-01
  -7.7307192e-02
  -1.0583732e-01
   5.1524196e-01
  -6.1428478e-01
  -8.2654993e-01
   1.9427004e+00
   3.1816959e-01
  -3.0424242e+00
   8.7498903e-01
   3.1669264e+00
  -1.8962542e+00
  -2.3831563e+00
   2.0063448e+00
   1.4109645e+00
  -1.1867421e+00
  -9.2475629e-01
  -1.7601402e-02
   1.1404454e+00
   1.0034793e+00
  -1.8951448e+00
  -1.4090694e+00
   2.8536571e+00
   1.1791185e+00
  -3.6656682e+00
  -5.3367680e-01
   4.1534531e+00
  -2.4685182e-01
  -4.3672046e+00
   1.1321134e+00
   4.2835727e+00
  -2.2692920e+00
  -3.5101365e+00
   3.4224039e+00
   1.6396151e+00
  -3.6982332e+00
   9.3902786e-01
   2.2562617e+00
  -2.8843921e+00
   6.1021752e-01
   2.9376253e+00
  -3.4051814e+00
  -1.1064216e+00
   4.6364804e+00
  -1.3744266e+00
  -3.9510053e+00
   3.1413712e+00
   2.0683818e+00
  -3.5163882e+00
  -2.4747017e-02
   2.5055791e+00
  -1.2546754e+00
  -6.5219891e-01
   1.1460569e+00
  -9.8397378e-01
   1.9815682e-01
   1.3320544e+00
  -1.6069721e+00
  -2.8879154e-01
   1.7130073e+00
  -9.8500966e-01
  -2.6867217e-01
   1.0845628e+00
  -1.5594772e+00
   3.0477211e-01
   2.3161480e+00
  -2.1805199e+00
  -1.5671255e+00
   3.2432662e+00
   1.0598261e-01
  -3.0330261e+00
   9.3640747e-01
   2.1349134e+00
  -1.0668305e+00
  -1.4729416e+00
   6.3538604e-01
   1.5198427e+00
  -3.1806433e-01
  -2.0851734e+00
   5.1172407e-01
   2.6547906e+00
  -1.1125312e+00
  -2.8701027e+00
   1.7438429e+00
   2.7407107e+00
  -2.1830043e+00
  -2.4072214e+00
   2.5036090e+00
   1.7835372e+00
  -2.7289102e+00
  -6.6058794e-01
   2.5229181e+00
  -7.9432878e-01
  -1.4905571e+00
   1.8914964e+00
  -2.3239457e-01
  -1.9441905e+00
   1.8938707e+00
   8.8387002e-01
  -2.6976024e+00
   7.0378904e-01
   2.3864537e+00
  -2.0740117e+00
  -1.2759121e+00
   2.7682296e+00
  -8.2144679e-02
  -2.7146534e+00
   1.1536725e+00
   2.2064443e+00
  -1.6280878e+00
  -1.7996119e+00
   1.7082999e+00
   1.8563614e+00
  -2.0235738e+00
  -2.0472774e+00
   2.8841870e+00
   1.6462328e+00
  -3.7521246e+00
  -4.8942327e-01
   3.8383426e+00
  -7.0037343e-01
  -3.1341509e+00
   1.1896783e+00
   2.4178452e+00
  -1.1346975e+00
  -2.1979073e+00
   1.2435138e+00
   2.0687911e+00
  -1.6797788e+00
  -1.3611745e+00
   1.7300083e+00
   1.9723414e-01
  -7.0478045e-01
   4.4242662e-01
  -1.0581538e+00
   2.3862789e-01
   2.3262380e+00
  -1.8884993e+00
  -2.1552358e+00
   3.1986051e+00
   9.2199444e-01
  -3.1560337e+00
  -1.0195994e-01
   2.1999175e+00
   7.8089043e-01
  -1.9673714e+00
  -2.2785098e+00
   3.5227784e+00
   2.6088668e+00
  -5.8856329e+00
  -6.5956687e-01
   6.8429411e+00
  -2.3681924e+00
  -5.3800607e+00
   4.1620945e+00
   2.8139315e+00
  -3.7942218e+00
  -1.2265692e+00
   2.5042292e+00
   1.1834392e+00
  -1.9860173e+00
  -1.4457596e+00
   2.4495585e+00
   7.2331918e-01
  -2.6826563e+00
   8.4003738e-01
   1.6671860e+00
  -2.0138995e+00
   3.3175035e-01
   1.8710208e+00
  -2.2089232e+00
  -5.3773018e-01
   3.1142013e+00
  -1.2060874e+00
  -2.9417802e+00
   2.6547317e+00
   2.0390053e+00
  -3.4232848e+00
  -8.4685249e-01
   3.3354028e+00
  -1.1830841e-01
  -2.5056407e+00
   3.3297549e-01
   1.5529779e+00
   2.6375311e-01
  -1.3010862e+00
  -9.3724668e-01
   1.9374201e+00
   7.0691060e-01
  -2.6269427e+00
   5.9663641e-01
   2.2775085e+00
  -2.0292906e+00
  -7.0260851e-01
   2.4543886e+00
  -1.1752038e+00
  -1.6462012e+00
   2.2883971e+00
   3.4019157e-01
  -2.3668530e+00
   6.4431605e-01
   1.8692767e+00
  -1.0428755e+00
  -1.3211294e+00
   1.0134901e+00
   9.9531927e-01
  -8.2155984e-01
  -9.6252496e-01
   7.6896912e-01
   1.0317867e+00
  -1.0177248e+00
  -7.8251514e-01
   1.2665276e+00
   7.9861253e-02
  -9.6613664e-01
   5.1601578e-01
   1.2449451e-01
  -2.9946822e-01
   4.3667548e-01
  -5.9150002e-01
   1.7534167e-02
   1.1454712e+00
  -1.1738524e+00
  -5.6619896e-01
   1.9092775e+00
  -8.6824145e-01
  -1.3937692e+00
   2.0879422e+00
  -1.9104231e-01
  -2.1554484e+00
   1.8511039e+00
   9.3101913e-01
  -2.5039467e+00
   8.6939546e-01
   1.6813943e+00
  -2.1346765e+00
   1.4336834e-01
   2.0942320e+00
  -1.8434963e+00
  -8.7831299e-01
   2.4659039e+00
  -6.0885939e-01
  -1.9566263e+00
   1.4915605e+00
   1.0652886e+00
  -1.6378161e+00
  -5.3014754e-01
   1.5629800e+00
   4.3912669e-01
  -1.7330750e+00
  -3.7343065e-01
   2.0967663e+00
  -2.6358721e-03
  -2.2406553e+00
   5.8747464e-01
   1.8587920e+00
  -9.6163388e-01
  -1.0928034e+00
   8.0661269e-01
   4.7474429e-01
  -2.9359300e-01
  -4.1726609e-01
  -4.4199401e-03
   6.9960842e-01
  -2.2324010e-01
  -6.8750848e-01
   5.3136767e-01
   2.2011723e-01
  -2.2185594e-01
  -7.2285049e-03
  -6.0445033e-01
   7.8196351e-01
   8.8915650e-01
  -2.1498818e+00
   1.7039120e-01
   2.7388593e+00
  -1.9476283e+00
  -1.6998199e+00
   2.8455030e+00
  -2.2237852e-01
  -1.9675866e+00
   1.3823338e+00
   2.9485903e-02
  -8.5267101e-01
   1.4534188e+00
  -8.5796470e-01
  -1.5938080e+00
   2.5242473e+00
   6.5988267e-01
  -3.3064051e+00
   4.8203316e-01
   3.1820843e+00
  -1.1691204e+00
  -2.6572981e+00
   1.3331376e+00
   2.2195730e+00
  -1.3629125e+00
  -1.9286870e+00
   1.6070913e+00
   1.4485276e+00
  -1.9425995e+00
  -5.3300346e-01
   1.8936052e+00
  -5.6478338e-01
  -1.2106276e+00
   1.3034370e+00
   1.7337369e-01
  -1.4119060e+00
   7.5707730e-01
   1.0258732e+00
  -1.3414969e+00
  -3.5151986e-01
   1.4524028e+00
  -4.2632587e-01
  -8.9664141e-01
   8.6452247e-01
  -2.3032829e-01
  -3.8452022e-01
   1.1524693e+00
  -9.6481154e-01
  -9.0496975e-01
   2.1073690e+00
  -5.4377439e-01
  -1.7963334e+00
   1.9462969e+00
   1.4213193e-02
  -1.9425271e+00
   1.8038313e+00
   5.5709879e-01
  -2.2150676e+00
   7.9624283e-01
   1.2607576e+00
  -8.5641258e-01
  -2.8085087e-01
  -2.2333519e-01
   4.1598224e-01
   1.1864082e+00
  -1.5338043e+00
  -9.6045174e-01
   2.4820913e+00
  -3.9628794e-01
  -2.1815146e+00
   1.7698369e+00
   6.0455256e-01
  -1.9506461e+00
   1.1254410e+00
   7.1313677e-01
  -1.6548545e+00
   9.4236016e-01
   5.5419314e-01
  -1.6444094e+00
   1.3630296e+00
   8.0267709e-01
  -2.8200376e+00
   1.0407727e+00
   3.1284535e+00
  -2.9134618e+00
  -2.4341753e+00
   4.2487790e+00
   1.0849963e+00
  -4.8835077e+00
   8.2674322e-01
   4.5111832e+00
  -3.0793325e+00
  -2.6853990e+00
   4.8342177e+00
  -4.6713946e-01
  -5.0274863e+00
   3.8969018e+00
   3.2916677e+00
  -6.2674241e+00
  -2.6745566e-01
   6.8194611e+00
  -2.9202432e+00
  -5.5898064e+00
   5.2501193e+00
   3.1638826e+00
  -6.0553550e+00
  -4.7979980e-01
   5.2311691e+00
  -1.4266131e+00
  -3.4312566e+00
   2.0022226e+00
   1.7614493e+00
  -1.6355161e+00
  -9.0694318e-01
   1.2556361e+00
   5.9081597e-01
  -1.3139445e+00
  -1.3581766e-01
   1.3929418e+00
  -5.3505726e-01
  -9.9574517e-01
   8.3611316e-01
   4.1894515e-01
  -4.9092831e-01
  -4.2227320e-01
   1.1562668e-01
   1.1148474e+00
  -4.9782643e-01
  -1.6621543e+00
   1.5316787e+00
   1.2796047e+00
  -2.2826480e+00
  -1.7288912e-01
   2.0705253e+00
  -7.5116120e-01
  -1.1644430e+00
   9.0112779e-01
   3.7366267e-01
  -5.0522162e-01
  -1.8500540e-01
   1.9938916e-01
   4.0535705e-01
  -3.1842963e-01
  -5.4765343e-01
   6.6210719e-01
   4.0716517e-01
  -8.7690670e-01
  -1.6346846e-01
   8.8642457e-01
   7.2828775e-03

