   1.3797011e-01
  -4.2539526e+00
  -4.2719471e+00
  -6.0953315e-01
   2.2229047e+00
   1.9228245e+00
   7.0513617e-01
   8.5987223e-01
   1.0347787e+00
  -7.5906035e-01
  -2.9506228e+00
  -2.4012136e+00
   6.7011171e-01
   2.7258789e+00
   1.6451146e+00
  -8.1238861e-01
  -1.5770096e+00
   1.1374951e-01
   2.1007647e+00
   1.7306810e+00
  -1.1970788e+00
  -3.8698348e+00
  -3.2245739e+00
   6.4926793e-01
   4.2363930e+00
   4.0642924e+00
   4.9333814e-01
  -2.6239381e+00
  -2.6008802e+00
  -9.1619491e-01
  -1.7079181e-01
   1.0780772e-02
   1.2735250e+00
   2.4552165e+00
   1.0548741e+00
  -1.9683974e+00
  -2.7881730e+00
  -3.0205173e-01
   2.1914612e+00
   1.6695688e+00
  -8.0127196e-01
  -2.0027821e+00
  -6.8548055e-01
   1.3780658e+00
   1.8772149e+00
   6.2928420e-01
  -7.0135222e-01
  -1.1590393e+00
  -1.3489189e+00
  -1.4208091e+00
  -2.8334638e-01
   1.9843789e+00
   3.0358176e+00
   1.3112649e+00
  -1.4517822e+00
  -2.4570231e+00
  -1.3325256e+00
   1.1536510e-01
   6.3381107e-01
   5.5518460e-01
   6.0279934e-01
   8.3703348e-01
   7.0783898e-01
  -2.7182892e-01
  -1.5921909e+00
  -1.7273890e+00
  -5.9187776e-02
   1.6740365e+00
   1.4351154e+00
  -1.9902121e-01
  -1.0528732e+00
  -5.0498941e-01
   3.5223431e-01
   7.5428958e-01
   6.0130136e-01
  -2.1832011e-01
  -1.3080758e+00
  -1.4943146e+00
  -1.5022955e-01
   1.7548727e+00
   2.3968040e+00
   8.4914018e-01
  -1.7117721e+00
  -2.8693444e+00
  -1.5729429e+00
   7.5925045e-01
   2.2370774e+00
   2.3804229e+00
   1.4141758e+00
  -6.1551815e-01
  -2.8746729e+00
  -3.3375623e+00
  -9.9086516e-01
   2.2073590e+00
   3.2264499e+00
   1.6381319e+00
  -3.1610075e-01
  -1.2009902e+00
  -1.6323149e+00
  -1.8095506e+00
  -6.7827065e-01
   1.4281867e+00
   2.1559976e+00
   7.4152069e-01
  -3.5641167e-01
   4.8307093e-01
   9.0786611e-01
  -1.4689816e+00
  -4.1671413e+00
  -2.8468557e+00
   1.9829064e+00
   5.2478337e+00
   3.8692444e+00
  -1.7671823e-01
  -3.1499402e+00
  -3.3978526e+00
  -1.7478317e+00
   2.6751443e-01
   1.7076984e+00
   2.1018623e+00
   1.1466992e+00
  -5.7757498e-01
  -1.3894185e+00
  -4.1801280e-01
   8.6418584e-01
   5.5888972e-01
  -8.3873772e-01
  -1.2952764e+00
  -4.2041847e-01
   3.1789543e-01
   5.2171954e-01
   1.3617244e+00
   2.3545201e+00
   9.0994085e-01
  -2.8785563e+00
  -4.4870717e+00
  -1.1760270e+00
   3.2070193e+00
   3.4164703e+00
   1.9994943e-01
  -1.5887055e+00
  -4.7113018e-01
   4.6465626e-01
  -5.2681301e-01
  -1.1420342e+00
   3.6106370e-01
   1.6415193e+00
   2.4916510e-01
  -1.7989318e+00
  -1.1864025e+00
   1.0810273e+00
   1.4569874e+00
  -1.6831753e-01
  -6.8244706e-01
   7.5155070e-01
   1.5430760e+00
  -1.2662546e-02
  -2.4363527e+00
  -3.1547723e+00
  -1.0703021e+00
   2.4004806e+00
   4.1218995e+00
   2.3976852e+00
  -7.4785255e-01
  -2.2523907e+00
  -1.9978363e+00
  -1.6957177e+00
  -1.2709909e+00
   4.9398359e-01
   2.7093132e+00
   2.9421676e+00
   7.5636947e-01
  -1.7058599e+00
  -2.4206997e+00
  -1.0860637e+00
   1.1159185e+00
   2.0005202e+00
   2.1873502e-01
  -2.2151903e+00
  -1.6811905e+00
   1.5613708e+00
   2.8825289e+00
   1.8010648e-02
  -3.1194677e+00
  -1.9845420e+00
   1.9713878e+00
   3.5298822e+00
   1.0324708e+00
  -2.0677481e+00
  -2.5774899e+00
  -1.0501383e+00
   5.1822858e-01
   1.3366877e+00
   1.2125712e+00
   3.1748777e-03
  -1.1656606e+00
  -4.9447496e-01
   1.4463639e+00
   1.6397587e+00
  -7.9230416e-01
  -2.5084334e+00
  -9.4551403e-01
   1.2890234e+00
   6.6555620e-01
  -1.1236626e+00
  -1.0624661e-01
   2.6759704e+00
   2.4961079e+00
  -1.0696469e+00
  -3.3148092e+00
  -1.9920837e+00
  -1.3252971e-01
  -2.7710726e-04
   4.5110784e-01
   2.7086832e+00
   3.7984258e+00
   7.9219366e-01
  -3.6558463e+00
  -4.3289387e+00
  -7.9712058e-01
   2.2361506e+00
   1.8004535e+00
  -3.6986233e-02
  -4.3399263e-01
   2.9992486e-01
   5.1479626e-01
   1.2158144e-01
  -1.2437407e-01
  -3.4367136e-01
  -8.1695305e-01
  -8.2881767e-01
   1.5884923e-01
   1.0888949e+00
   6.6016046e-01
  -5.0379312e-01
  -6.1082514e-01
   5.8869574e-01
   1.2815214e+00
   1.2324624e-01
  -1.7004935e+00
  -1.8288963e+00
   8.1706812e-02
   1.6556466e+00
   9.9451862e-01
  -4.4217011e-01
   7.9811962e-03
   1.5724935e+00
   7.2427420e-01
  -2.5912025e+00
  -3.5785815e+00
   3.5088729e-02
   3.6554711e+00
   2.5562307e+00
  -1.0774166e+00
  -2.1483972e+00
  -3.6994281e-01
   7.1430963e-01
   2.6524521e-01
   5.9995722e-01
   1.5939202e+00
   2.9480137e-02
  -3.8696646e+00
  -4.4697309e+00
   1.0973472e+00
   6.9712350e+00
   5.6138350e+00
  -1.7414684e+00
  -6.7079782e+00
  -4.7066986e+00
   5.5474967e-01
   3.6189656e+00
   3.3647382e+00
   1.3423094e+00
  -1.1569578e+00
  -2.3709829e+00
  -7.9309507e-01
   1.4568524e+00
   3.6219916e-01
  -3.1563873e+00
  -3.0681691e+00
   2.5685369e+00
   7.1571235e+00
   4.1623569e+00
  -3.6019575e+00
  -7.6726797e+00
  -4.5828854e+00
   1.3642637e+00
   4.7163834e+00
   4.2980205e+00
   1.9410086e+00
  -7.6138784e-01
  -2.8789813e+00
  -3.3666812e+00
  -1.8536239e+00
   4.5657390e-01
   1.9700073e+00
   2.3347020e+00
   1.9906505e+00
   8.3659386e-01
  -1.2917115e+00
  -3.1547865e+00
  -2.7680839e+00
  -1.2146012e-02
   2.5950805e+00
   2.5867254e+00
   4.1257121e-01
  -1.2766222e+00
  -9.5562333e-01
   2.4001869e-01
   4.6795020e-01
  -4.3120755e-01
  -1.0814252e+00
  -4.6606219e-01
   8.7448416e-01
   1.4515503e+00
   5.0524826e-01
  -1.0560239e+00
  -1.5438063e+00
  -2.5153074e-01
   1.6598752e+00
   2.0499783e+00
   7.1178968e-02
  -2.4092424e+00
  -2.6447003e+00
  -3.8650718e-01
   1.9086050e+00
   2.3781611e+00
   1.5331986e+00
   3.7739816e-01
  -1.1655195e+00
  -2.8319667e+00
  -2.8865788e+00
  -3.2419205e-01
   2.7864420e+00
   3.2967179e+00
   1.1285543e+00
  -7.0767316e-01
  -6.6848858e-01
  -7.4273062e-01
  -2.3876371e+00
  -3.0871068e+00
  -1.3148666e-01
   4.1151923e+00
   4.7048870e+00
   9.4258272e-01
  -2.9622020e+00
  -3.6211195e+00
  -1.6589508e+00
   5.8103949e-01
   1.7601848e+00
   1.6845704e+00
   6.7733204e-01
  -5.0058147e-01
  -1.0028782e+00
  -6.4191292e-01
   5.9758974e-02
   5.3696513e-01
   4.9134973e-01
  -1.1642508e-01
  -7.6038054e-01
  -5.9356647e-01
   3.1958199e-01
   8.2822134e-01
   3.9370835e-01
  -1.2128313e-01
  -3.1784665e-02
   3.3592847e-02
  -5.7178590e-01
  -9.7385139e-02
   1.2741031e+00
   1.7210508e+00
  -1.8363582e-01
  -2.7163009e+00
  -2.3032892e+00
   1.2346329e+00
   3.3435347e+00
   9.6611140e-01
  -2.5286048e+00
  -2.0953028e+00
   1.3786237e+00
   2.5394293e+00
  -2.2980519e-01
  -2.6338798e+00
  -1.1717928e+00
   1.8567109e+00
   2.1099284e+00
  -4.3991239e-01
  -1.8306099e+00
  -2.4656092e-01
   1.3207212e+00
  -4.2882710e-02
  -2.2098427e+00
  -9.9358286e-01
   2.9706839e+00
   4.1513407e+00
  -9.1066957e-02
  -5.0133698e+00
  -4.4838616e+00
   6.9929190e-01
   4.1694187e+00
   2.8225266e+00
   4.3990300e-02
  -4.8932542e-01
   2.8648012e-02
  -1.2203684e+00
  -3.3489835e+00
  -2.8016745e+00
   1.2419851e+00
   5.0058972e+00
   4.3032506e+00
  -4.3294709e-01
  -4.3548128e+00
  -3.6698947e+00
  -3.2908007e-03
   2.0522719e+00
   1.2139608e+00
   5.3922039e-01
   1.5307377e+00
   1.1797124e+00
  -2.3704829e+00
  -4.9458356e+00
  -1.7501767e+00
   4.4899708e+00
   6.1398906e+00
   1.0903347e+00
  -4.5477300e+00
  -5.0271579e+00
  -1.3958511e+00
   2.1985010e+00
   3.8057815e+00
   3.0903097e+00
   1.3372093e-02
  -3.3887744e+00
  -3.7038888e+00
  -6.6492720e-01
   2.1271179e+00
   2.1877457e+00
   8.9580703e-01
   2.6404471e-01
  -1.4359244e-01
  -1.3298031e+00
  -2.0870780e+00
  -7.0022432e-01
   1.5864748e+00
   1.7681340e+00
  -2.3789410e-01
  -1.1766309e+00
   4.1551775e-01
   1.7787736e+00
   3.8804884e-01
  -2.0024054e+00
  -2.2301193e+00
  -3.4011293e-01
   1.2932759e+00
   1.5787362e+00
   1.0187306e+00
   8.1879989e-02
  -6.9640328e-01
  -5.6708061e-01
   1.7413736e-02
  -3.8111253e-01
  -1.5268852e+00
  -1.2434150e+00
   1.1187149e+00
   3.1692391e+00
   2.5696512e+00
  -2.2234701e-01
  -2.9590927e+00
  -3.6510071e+00
  -1.5829808e+00
   1.8800574e+00
   3.6977242e+00
   2.0693383e+00
  -1.2460418e+00
  -2.7553956e+00
  -1.1330759e+00
   1.5362657e+00
   2.2845319e+00
   4.5203468e-01
  -1.8968709e+00
  -2.4778251e+00
  -1.0568988e+00
   9.6074756e-01
   2.3271819e+00
   2.4344822e+00
   8.1106790e-01
  -1.9949419e+00
  -3.3644810e+00
  -1.1580201e+00
   2.3936649e+00
   2.6540232e+00
  -6.7858179e-01
  -2.6141364e+00
  -3.7715057e-01
   2.3051375e+00
   1.3350673e+00
  -1.3705094e+00
  -1.6379838e+00
   2.0730736e-01
   8.8506093e-01
  -5.5534799e-02
  -4.2889629e-01
   3.1264725e-01
   8.3359527e-01
   6.8931309e-01
   2.3288249e-01
  -9.1066588e-01
  -2.4600920e+00
  -2.1705516e+00
   1.0124233e+00
   4.0082277e+00
   3.1455552e+00
  -5.6548390e-01
  -2.9634203e+00
  -2.4273081e+00
  -8.5003280e-01
   1.7214467e-01
   9.8773589e-01
   1.9161579e+00
   2.0733271e+00
   6.6293441e-01
  -1.6503708e+00
  -2.9868857e+00
  -1.8705961e+00
   9.7441530e-01
   2.7566263e+00
   1.5513215e+00
  -1.1076937e+00
  -1.8844868e+00
   3.6875315e-02
   1.8533020e+00
   1.0928958e+00
  -1.0148000e+00
  -1.7625592e+00
  -9.2588356e-01
  -4.3877354e-02
   6.3716379e-01
   1.5224248e+00
   1.5914003e+00
   4.5816634e-02
  -1.5278192e+00
  -1.3929259e+00
  -3.9234729e-01
  -4.2426381e-02
   1.6205778e-01
   1.1191162e+00
   1.7594686e+00
   7.5084566e-01
  -1.1002459e+00
  -2.0826946e+00
  -1.6952548e+00
  -3.2871188e-01
   1.4637382e+00
   2.4738942e+00
   1.4116094e+00
  -9.4724184e-01
  -1.9079048e+00
  -5.4276165e-01
   7.0185056e-01
  -4.8672193e-02
  -1.0056856e+00
  -1.0832264e-01
   1.3141687e+00
   1.2090115e+00
   2.0866970e-01
  -4.6204948e-01
  -1.3707762e+00
  -2.3797490e+00
  -1.0811246e+00
   2.9438917e+00
   5.2243146e+00
   1.8061170e+00
  -4.2382012e+00
  -5.9373281e+00
  -1.5244020e+00
   3.4453916e+00
   3.6278391e+00
   2.9234992e-01
  -1.5164902e+00
  -8.1213689e-02
   1.4304224e+00
   1.7891589e-01
  -2.2353186e+00
  -2.2503996e+00
   4.9615457e-01
   2.5553534e+00
   1.3486552e+00
  -1.3480439e+00
  -1.9436429e+00
   7.1410419e-02
   1.8475137e+00
   1.4685814e+00
   9.4584077e-02
  -6.8868813e-01
  -1.2024801e+00
  -1.9649315e+00
  -1.7008121e+00
   7.2486552e-01
   3.4744976e+00
   3.3442336e+00
   1.2192572e-01
  -2.9318431e+00
  -3.2906817e+00
  -1.5842391e+00
   6.2700166e-01
   2.7042123e+00
   3.5435557e+00
   1.4715412e+00
  -2.5430299e+00
  -4.3556653e+00
  -1.7660887e+00
   2.0689386e+00
   2.8100842e+00
   5.6207693e-01
  -1.1496039e+00
  -4.6944653e-01
   1.0533711e+00
   1.0577750e+00
  -7.8399502e-01
  -2.3519242e+00
  -1.4023148e+00
   1.3778035e+00
   2.6142686e+00
   5.4084065e-01
  -2.2622358e+00
  -2.1068156e+00
   8.5328402e-01
   2.9610643e+00
   1.9065817e+00
  -7.8641252e-01
  -2.2805628e+00
  -1.7175659e+00
  -3.4748365e-01
   4.7749132e-01
   5.2806353e-01
   3.1407761e-01
   2.8178180e-01
   6.3278943e-01
   1.3278668e+00
   1.5916741e+00
   1.1695365e-01
  -2.9055980e+00
  -4.5967034e+00
  -2.2050724e+00
   2.9182614e+00
   5.9824957e+00
   3.8236341e+00
  -1.6802334e+00
  -5.4526517e+00
  -4.1202495e+00
   6.9291074e-01
   4.0013463e+00
   2.8959885e+00
  -3.2689393e-01
  -1.6298303e+00
  -6.1723583e-01
  -1.1031232e-01
  -1.1261958e+00
  -1.4229123e+00
   5.0225563e-01
   2.6931916e+00
   2.3167927e+00
  -5.8296970e-01
  -3.0468835e+00
  -2.3277073e+00
   1.1804353e+00
   3.7649110e+00
   1.9615333e+00
  -2.7836455e+00
  -4.6770012e+00
  -8.6910555e-01
   3.8826888e+00
   3.3981206e+00
  -9.5206883e-01
  -2.4957973e+00
   3.8178010e-01
   2.1541960e+00
  -5.7946240e-01
  -3.6127555e+00
  -1.9540882e+00
   2.3864304e+00
   3.7648361e+00
   1.2277128e+00
  -1.3060743e+00
  -1.6713237e+00
  -1.3637710e+00
  -1.2005663e+00
   1.4768660e-01
   2.3985786e+00
   2.5367511e+00
  -4.9284453e-01
  -3.0112610e+00
  -1.4911924e+00
   1.7650439e+00
   1.7055339e+00
  -1.4919418e+00
  -2.2832839e+00
   1.4312237e+00
   4.3259631e+00
   1.4580418e+00
  -3.8971323e+00
  -4.6212832e+00
   9.0978642e-02
   3.7901252e+00
   2.0497387e+00
  -1.7679714e+00
  -2.0543613e+00
   1.0546219e+00
   2.6739650e+00
   6.1844978e-01
  -2.0173263e+00
  -1.9952605e+00
  -1.9389680e-01
   8.0507958e-01
   6.6777182e-01
   5.6584836e-01
   3.9091292e-01
  -5.9669362e-01
  -1.3628797e+00
  -2.2534898e-01
   1.8232036e+00
   1.8589535e+00
  -4.8146087e-01
  -2.1840272e+00
  -1.3650026e+00
   2.8205314e-01
   6.7803149e-01
   2.7787917e-01
   3.8522043e-01
   8.3927537e-01
   8.4042694e-01
   3.2212380e-01
  -6.1493400e-01
  -1.9816997e+00
  -2.6793907e+00
  -9.0220147e-01
   2.8252693e+00
   4.7820383e+00
   2.2456749e+00
  -2.5653971e+00
  -4.8077882e+00
  -2.6706160e+00
   1.1094351e+00
   3.0495914e+00
   2.3688554e+00
   4.2239243e-01
  -1.3572166e+00
  -1.9163262e+00
  -7.0619911e-01
   1.1647909e+00
   1.4059639e+00
  -4.0943465e-01
  -1.8440626e+00
  -9.2697841e-01
   1.1728643e+00
   2.0460247e+00
   1.1257511e+00
  -3.1995744e-01
  -1.1538090e+00
  -1.2434118e+00
  -1.0288966e+00
  -9.0698729e-01
  -6.0516413e-01
   7.6920468e-01
   3.0559700e+00
   3.9166840e+00
   1.3273092e+00
  -3.0311019e+00
  -5.1412548e+00
  -3.3703354e+00
   2.2015787e-01
   2.8746311e+00
   3.3913673e+00
   2.0001714e+00
   5.8414873e-02
  -7.3141646e-01
  -4.4673248e-01
  -1.1163124e+00
  -3.0651803e+00
  -3.1323794e+00
   6.8539125e-01
   4.8976439e+00
   4.6012007e+00
   3.6189732e-01
  -2.9788438e+00
  -3.1025536e+00
  -1.7916346e+00
  -6.6880531e-01
   7.1347289e-01
   2.5068788e+00
   3.1259645e+00
   1.1023875e+00
  -2.4165084e+00
  -3.8811776e+00
  -1.1435050e+00
   2.9890613e+00
   3.2750192e+00
  -9.5159885e-01
  -4.1629383e+00
  -1.8901100e+00
   3.1873237e+00
   4.8274439e+00
   9.7400106e-01
  -4.1692555e+00
  -4.9491948e+00
  -2.7844847e-01
   4.8249597e+00
   4.3318169e+00
  -1.4656600e+00
  -5.4450491e+00
  -2.4086060e+00
   3.6576025e+00
   4.7356918e+00
  -9.8521681e-02
  -3.9241171e+00
  -2.4757076e+00
   7.3955526e-01
   1.5407332e+00
   1.0058451e+00
   1.2115465e+00
   7.7812616e-01
  -1.3873776e+00
  -2.6697710e+00
  -1.0491542e+00
   1.2010981e+00
   1.5823332e+00
   1.1455904e+00
   1.0611548e+00
  -2.2185119e-01
  -2.9173611e+00
  -3.3317030e+00
   5.6166998e-01
   4.5466287e+00
   3.5622416e+00
  -9.2025913e-01
  -3.3727404e+00
  -2.2241294e+00
  -6.4515000e-01
  -2.4943574e-01
   8.1763294e-01
   2.9602300e+00
   3.1974514e+00
   1.1070210e-01

