  -1.5031122e-02
   2.4310160e+00
  -1.1989795e+00
  -1.9582334e+00
   2.1954184e+00
   9.5632456e-01
  -2.5256474e+00
   2.2061708e-01
   1.9256733e+00
  -8.1355560e-01
  -8.8436374e-01
   4.3189712e-01
   3.9253039e-01
   3.0325862e-01
  -8.6746483e-01
  -2.9937764e-01
   1.5558759e+00
  -7.3373831e-01
  -1.3392445e+00
   1.8762928e+00
   3.2222994e-02
  -2.0369225e+00
   1.4662325e+00
   1.1122750e+00
  -2.2665861e+00
   1.4414540e-01
   2.3035061e+00
  -1.1219272e+00
  -1.9731048e+00
   1.7567455e+00
   1.4697678e+00
  -2.0749919e+00
  -8.5613622e-01
   1.9716634e+00
   4.0991391e-01
  -1.5933335e+00
  -3.6196184e-01
   1.4097306e+00
   4.4756516e-01
  -1.6362748e+00
  -1.7674563e-01
   1.9390385e+00
  -5.3394667e-01
  -1.9041392e+00
   1.3418599e+00
   1.4831006e+00
  -1.9568667e+00
  -8.2208223e-01
   2.2799645e+00
   1.1585300e-02
  -2.1764835e+00
   7.4660111e-01
   1.5549503e+00
  -1.0375721e+00
  -7.2685234e-01
   6.5090871e-01
   3.0185585e-01
   4.2985312e-02
  -5.6398074e-01
  -4.2460800e-01
   1.1997575e+00
   2.5275473e-01
  -1.7521137e+00
   2.7548209e-01
   2.0801487e+00
  -9.8821552e-01
  -2.1934390e+00
   1.9149939e+00
   1.8804410e+00
  -2.9221692e+00
  -8.6384591e-01
   3.4947118e+00
  -6.9083930e-01
  -3.1553601e+00
   2.1369181e+00
   1.9741969e+00
  -2.9057398e+00
  -4.4881528e-01
   2.8857255e+00
  -9.7842048e-01
  -2.2137966e+00
   2.0315706e+00
   1.0316838e+00
  -2.3953224e+00
   3.4107179e-01
   1.8314099e+00
  -1.2822855e+00
  -5.9082116e-01
   1.2851520e+00
  -6.0941925e-01
  -4.4462829e-01
   1.1763549e+00
  -6.8597199e-01
  -1.0151650e+00
   1.5914506e+00
   3.2704517e-01
  -1.9320728e+00
   5.5760971e-01
   1.4772587e+00
  -1.0365927e+00
  -4.1726255e-01
   4.6414778e-01
  -3.5198853e-01
   1.0491805e+00
  -1.4618865e-01
  -2.3494422e+00
   1.8464976e+00
   2.2244204e+00
  -3.4870956e+00
  -6.6008720e-01
   3.8208785e+00
  -1.1706461e+00
  -2.8085395e+00
   2.1658730e+00
   1.4117315e+00
  -2.2598936e+00
  -3.8887323e-01
   2.0482141e+00
  -3.3168214e-01
  -1.7805684e+00
   1.0510297e+00
   1.1401930e+00
  -1.5016930e+00
  -1.9700314e-02
   1.0549721e+00
  -9.2114523e-01
   3.4708853e-01
   7.9818359e-01
  -1.8465260e+00
   5.2299608e-01
   2.4070517e+00
  -2.2411215e+00
  -1.7183761e+00
   3.3454440e+00
   2.9276607e-01
  -3.3254038e+00
   1.0838627e+00
   2.2733582e+00
  -1.8034274e+00
  -6.6525145e-01
   1.5866909e+00
  -8.3984505e-01
  -5.7977404e-01
   1.6780516e+00
  -6.6255872e-01
  -1.7385996e+00
   1.5371305e+00
   1.4272526e+00
  -1.8650145e+00
  -1.2639683e+00
   1.9814090e+00
   1.3976291e+00
  -2.3649672e+00
  -1.4920584e+00
   3.1798456e+00
   1.0241210e+00
  -4.0832404e+00
   2.6045266e-01
   4.4148508e+00
  -2.0255735e+00
  -3.6890404e+00
   3.4324173e+00
   2.0778588e+00
  -3.7068663e+00
  -4.3659063e-01
   2.7922961e+00
  -2.7566549e-01
  -1.4851949e+00
  -2.3982558e-01
   8.6510798e-01
   1.3312481e+00
  -1.4494409e+00
  -1.8853437e+00
   2.7605210e+00
   1.2353329e+00
  -3.7050294e+00
   2.8488160e-01
   3.4819911e+00
  -1.6429013e+00
  -2.2104450e+00
   1.9875315e+00
   7.2121941e-01
  -1.2743378e+00
   2.0074020e-01
   1.0780084e-01
  -3.3405382e-01
   8.6272960e-01
  -8.3330270e-02
  -1.2915124e+00
   6.8712537e-01
   1.0855260e+00
  -1.0788888e+00
  -3.6896996e-01
   8.4067282e-01
  -3.9505891e-01
   1.6267379e-01
   5.3706762e-01
  -1.4469024e+00
   2.3142905e-01
   2.1687044e+00
  -1.3844203e+00
  -1.9437512e+00
   2.0060677e+00
   1.3015154e+00
  -1.7568335e+00
  -1.1114082e+00
   1.2583981e+00
   1.5461694e+00
  -1.3464207e+00
  -1.8225536e+00
   1.9948997e+00
   1.1377919e+00
  -2.2293092e+00
   2.5153144e-01
   1.2476149e+00
  -1.1644846e+00
   5.4783420e-01
   7.6159938e-01
  -1.8820476e+00
   5.5934050e-01
   1.9061756e+00
  -1.6371411e+00
  -9.3370269e-01
   1.7004371e+00
  -5.3160265e-02
  -9.0869381e-01
   3.3166378e-01
  -2.2627935e-02
   1.4125443e-01
   4.5420981e-01
  -8.9722060e-01
  -1.7720739e-01
   1.3275368e+00
  -5.1810291e-01
  -1.0654453e+00
   9.9885297e-01
   3.0927770e-01
  -7.4214166e-01
   1.8848981e-01
  -1.0712676e-01
   2.9776075e-01
   6.5578272e-01
  -1.6842001e+00
   1.6199737e-02
   2.9378796e+00
  -1.9112882e+00
  -2.9045671e+00
   3.9532724e+00
   1.3308318e+00
  -4.8212282e+00
   9.3814969e-01
   3.9188732e+00
  -2.6292558e+00
  -1.6609955e+00
   2.8100354e+00
  -8.4917295e-01
  -1.3090649e+00
   2.3276991e+00
  -1.1108139e+00
  -1.9606323e+00
   2.9418744e+00
   1.1415252e-01
  -2.8291722e+00
   1.6036629e+00
   7.9197466e-01
  -1.4991625e+00
   1.5001267e+00
  -6.1272058e-01
  -2.1015686e+00
   3.0889188e+00
   6.5181452e-01
  -4.0211259e+00
   1.3178145e+00
   3.1035534e+00
  -2.0524180e+00
  -1.7386447e+00
   1.3293106e+00
   1.3572330e+00
  -3.8484149e-01
  -1.9626635e+00
   3.4292252e-01
   2.4238115e+00
  -1.0743899e+00
  -1.8956486e+00
   1.5876501e+00
   6.7299058e-01
  -1.2183972e+00
   2.7293838e-01
   2.6091948e-01
  -3.4922714e-01
   4.5473608e-01
  -1.4904439e-01
  -4.4319537e-01
   4.6204441e-01
   1.1180183e-03
  -1.8770278e-01
   1.7560959e-01
  -3.1921935e-01
   2.0887669e-01
   3.7308470e-01
  -6.7940307e-01
   2.0699726e-01
   5.3030862e-01
  -8.1248939e-01
   3.0092257e-01
   7.1496147e-01
  -1.1121296e+00
   1.2807208e-01
   1.1838005e+00
  -1.0873382e+00
  -4.1892910e-01
   1.4902568e+00
  -7.1379016e-01
  -1.0697114e+00
   1.5766112e+00
   2.5441042e-02
  -1.7048293e+00
   1.1057383e+00
   1.0518298e+00
  -1.7400395e+00
  -3.6714265e-02
   1.6180456e+00
  -7.2945821e-01
  -9.7153217e-01
   8.6987849e-01
   3.3487962e-01
  -4.9791711e-01
  -1.3339148e-01
   1.1776918e-01
   3.1476278e-01
  -1.8568966e-01
  -3.4464926e-01
   6.1923047e-01
  -2.7521843e-01
  -7.8489352e-01
   1.3918396e+00
   1.4421650e-01
  -2.2548180e+00
   1.1219011e+00
   2.2715867e+00
  -2.2979246e+00
  -1.5287989e+00
   2.8515084e+00
   5.0546444e-01
  -2.7410135e+00
   4.3733575e-01
   2.1202033e+00
  -1.0913140e+00
  -1.1138645e+00
   1.1810083e+00
   1.3334849e-02
  -4.9055936e-01
   5.7904008e-01
  -7.0109843e-01
  -1.5193606e-01
   1.5495056e+00
  -1.0805467e+00
  -1.2945560e+00
   2.1336813e+00
   6.5712969e-02
  -2.0650234e+00
   1.0756039e+00
   9.2655602e-01
  -1.0789490e+00
   1.7398302e-01
  -1.7776081e-02
   1.4983318e-02
  -2.1339476e-01
   8.9466890e-01
  -4.6288948e-01
  -1.2618970e+00
   1.3113630e+00
   1.0017799e+00
  -1.7429801e+00
  -5.7552463e-01
   1.6684775e+00
   4.6385986e-01
  -1.5494520e+00
  -5.5737094e-01
   1.7337697e+00
   2.9952080e-01
  -1.8986645e+00
   4.8901282e-01
   1.4443413e+00
  -1.2179581e+00
  -3.8631893e-01
   1.2024613e+00
  -5.0813889e-01
  -5.4227061e-01
   6.1139500e-01
  -3.0937569e-02
  -1.4081587e-01
   1.3108527e-01
  -3.1411603e-01
  -7.8150709e-02
   6.6983483e-01
   1.4865536e-01
  -1.2404621e+00
  -1.6231544e-03
   1.8805102e+00
  -7.1835501e-01
  -1.8938223e+00
   1.5629356e+00
   1.0048745e+00
  -1.6369423e+00
   4.0855004e-02
   7.4847203e-01
  -1.9873424e-01
   2.0743347e-01
  -6.8860488e-01
  -1.8575820e-01
   1.6873741e+00
  -8.5408598e-01
  -1.8049676e+00
   1.9386584e+00
   1.0296336e+00
  -2.1710409e+00
  -1.6990631e-01
   1.5281597e+00
  -1.1164147e-01
  -5.2558867e-01
  -2.8506620e-01
  -4.2456078e-01
   1.2765525e+00
   9.7421753e-01
  -2.7466478e+00
  -5.9272580e-01
   4.1341702e+00
  -9.8229994e-01
  -4.4186574e+00
   3.0396436e+00
   3.0276859e+00
  -4.1582915e+00
  -6.6594983e-01
   3.4916898e+00
  -1.1508839e+00
  -1.6315513e+00
   1.5078906e+00
  -3.5036044e-02
  -8.2996044e-01
   7.0024129e-01
   1.8052150e-01
  -6.4681403e-01
  -1.4502713e-01
   5.9197116e-01
   5.4403843e-01
  -9.2292801e-01
  -9.0967585e-01
   1.5694754e+00
   9.2086427e-01
  -2.2518262e+00
  -4.9483011e-01
   2.6581677e+00
  -2.1014035e-01
  -2.5794193e+00
   8.1165798e-01
   2.1234090e+00
  -9.6889689e-01
  -1.7340924e+00
   7.6842624e-01
   1.7801284e+00
  -6.9543257e-01
  -2.1342424e+00
   1.1297253e+00
   2.2952201e+00
  -1.9867755e+00
  -1.8517249e+00
   2.8345321e+00
   7.3250460e-01
  -3.1415963e+00
   7.5997449e-01
   2.4846380e+00
  -1.9225990e+00
  -9.5484464e-01
   1.9564203e+00
  -5.2733742e-01
  -7.9118232e-01
   7.8703347e-01
  -4.7622419e-01
   3.4867849e-01
   4.9282890e-01
  -1.6386879e+00
   8.5233900e-01
   1.6894063e+00
  -2.2195102e+00
  -5.4220103e-01
   2.3401674e+00
  -3.9746127e-01
  -1.4724749e+00
   6.0880153e-02
   9.9741960e-01
   1.0577865e+00
  -1.7018101e+00
  -1.6169168e+00
   2.9231984e+00
   1.0433033e+00
  -3.4916487e+00
  -2.9244381e-03
   3.0562018e+00
  -5.8485737e-01
  -2.1837731e+00
   4.6988392e-01
   1.5158180e+00
   4.8025949e-02
  -1.2784616e+00
  -6.4633632e-01
   1.4608862e+00
   1.0967815e+00
  -1.9874923e+00
  -1.1460144e+00
   2.6002949e+00
   6.4600579e-01
  -2.8581740e+00
   1.7793741e-01
   2.4833950e+00
  -7.8822901e-01
  -1.7045681e+00
   8.2388717e-01
   1.1140657e+00
  -5.2590814e-01
  -1.0440445e+00
   5.1399027e-01
   1.1046515e+00
  -9.9210320e-01
  -5.5266550e-01
   1.2587759e+00
  -6.9974691e-01
  -3.2126978e-01
   1.5828159e+00
  -1.7955179e+00
  -7.9171741e-01
   3.5998593e+00
  -1.6078768e+00
  -3.4637675e+00
   3.8587209e+00
   1.4663206e+00
  -4.2088512e+00
   5.1241279e-01
   2.8121048e+00
  -7.8135360e-01
  -1.5415804e+00
  -3.4679258e-01
   1.8709725e+00
   1.0129147e+00
  -3.2569578e+00
   3.8992339e-02
   3.7935864e+00
  -2.0365059e+00
  -2.3317019e+00
   2.9556316e+00
  -2.2995409e-01
  -1.5896534e+00
   1.7633990e+00
  -1.2384117e+00
  -9.0581572e-01
   3.4255769e+00
  -1.7511984e+00
  -3.4298213e+00
   4.2618659e+00
   1.4773544e+00
  -4.9941435e+00
   8.1010914e-01
   3.8548126e+00
  -1.8790695e+00
  -2.1010581e+00
   1.4309423e+00
   1.0794927e+00
  -3.6137145e-01
  -1.1557480e+00
  -2.4571563e-01
   1.6948977e+00
   1.6728018e-03
  -1.8232969e+00
   6.6882236e-01
   1.1796584e+00
  -1.0276512e+00
  -1.4165761e-01
   6.7225349e-01
  -5.4413996e-01
   1.2565111e-01
   4.3312764e-01
  -6.9181614e-01
   2.2287694e-01
   6.2807789e-01
  -7.7828251e-01
  -1.7840178e-01
   8.8311631e-01
  -1.4992623e-01
  -7.3990565e-01
   2.0399873e-01
   6.5358093e-01
  -2.2967225e-01
  -5.5924559e-01
   3.5552970e-01
   1.9280076e-01
  -3.1068151e-01
   3.9536205e-01
  -2.0179620e-01
  -7.6312686e-01
   1.0072370e+00
   5.8684349e-01
  -1.5592322e+00
  -1.0128007e-01
   1.5628187e+00
  -1.3165370e-01
  -1.3425621e+00
  -1.1123283e-01
   1.4658411e+00
   4.2604114e-01
  -2.0569895e+00
  -2.3629665e-01
   2.6302429e+00
  -5.5913947e-01
  -2.6142450e+00
   1.4867733e+00
   1.9259854e+00
  -1.9886620e+00
  -9.9815789e-01
   1.9177697e+00
   3.2545037e-01
  -1.5526668e+00
  -4.7109125e-02
   1.2065054e+00
  -1.7243801e-02
  -9.3759189e-01
   1.0972990e-02
   6.9318343e-01
   9.4427221e-02
  -5.8245488e-01
  -2.4247146e-01
   7.7380020e-01
   1.3260370e-01
  -1.1231370e+00
   4.7354847e-01
   1.1445585e+00
  -1.3500064e+00
  -4.9706227e-01
   1.8995705e+00
  -5.8771082e-01
  -1.7160130e+00
   1.4730005e+00
   9.9247944e-01
  -1.7180179e+00
  -3.1442646e-01
   1.4887249e+00
   4.2821458e-02
  -1.3203524e+00
   3.0395936e-02
   1.4626966e+00
  -3.2129573e-01
  -1.6190165e+00
   8.3871136e-01
   1.4369488e+00
  -1.1741958e+00
  -1.0340778e+00
   1.1025305e+00
   7.8673539e-01
  -8.6935177e-01
  -7.5898081e-01
   7.4872865e-01
   6.9790330e-01
  -6.2025855e-01
  -5.8461421e-01
   2.7100889e-01
   7.9612926e-01
   5.9927238e-02
  -1.5199998e+00
   1.7057402e-01
   2.2808466e+00
  -1.0656445e+00
  -2.3539758e+00
   1.9912963e+00
   1.5700127e+00
  -2.1658980e+00
  -4.9621132e-01
   1.3840551e+00
  -1.1920431e-01
  -1.0845798e-01
  -8.3358257e-02
  -9.3018012e-01
   9.1427037e-01
   1.1671530e+00
  -1.7632635e+00
  -5.4721775e-01
   1.9710545e+00
  -3.8608931e-01
  -1.3638839e+00
   9.5046102e-01
   3.9068636e-01
  -9.7397015e-01
   4.4716027e-01
   7.6555227e-01
  -1.1058750e+00
  -4.6506492e-01
   1.6679551e+00
  -1.1853900e-01
  -1.8066375e+00
   8.6813503e-01
   1.1458488e+00
  -1.1050792e+00
  -8.4254189e-02
   4.5265539e-01
  -4.0143924e-01
   4.0115934e-01
   1.0155399e-02
  -4.4045959e-01
   3.9314820e-01
  -2.9464758e-01
   3.7020624e-02
   7.1936893e-01
  -8.8991213e-01
  -2.0929578e-01
   1.0300626e+00
  -5.0976379e-01
  -1.6731364e-01
   3.3580532e-01
  -7.3404034e-01
   7.5986382e-01
   7.0813745e-01
  -1.7696998e+00
   8.0392314e-02
   1.9648834e+00
  -7.6687085e-01
  -1.6104877e+00
   9.5880981e-01
   1.2881923e+00
  -9.6949842e-01
  -1.0488820e+00
   1.0265168e+00
   6.2035229e-01
  -8.4482505e-01
  -1.4485311e-01
   1.9779480e-01
   1.7236884e-01
   4.7479731e-01
  -8.4802057e-01
  -4.2993128e-01
   1.4684002e+00
  -4.2895561e-01
  -1.1342385e+00
   1.2451462e+00
  -2.0692466e-01
  -1.0178631e+00
   1.5812540e+00
  -3.6026735e-01
  -1.9077758e+00
   1.9908023e+00
   9.7847973e-01
  -2.8177598e+00
   4.7521739e-01
   2.4700173e+00
  -1.4873105e+00
  -1.3899557e+00
   1.5510292e+00
   3.8000247e-01
  -8.3072171e-01
  -5.0562803e-02
  -7.4192242e-02
   5.1253391e-01
   5.5421877e-01
  -1.4189963e+00
  -3.1389340e-01
   2.2282234e+00
  -5.3782469e-01
  -2.4848465e+00
   1.5620287e+00
   2.0508240e+00
  -2.2148250e+00
  -1.2131062e+00
   2.2089132e+00
   4.9443345e-01
  -1.7038672e+00
  -2.7282525e-01
   1.1073079e+00
   6.0411329e-01
  -7.9085714e-01
  -1.3140592e+00
   1.0141087e+00
   2.0587934e+00
  -1.8734952e+00
  -2.3263746e+00
   3.1043225e+00
   1.6846331e+00
  -4.0307267e+00
  -2.4264858e-01
   4.0036552e+00
  -1.2440022e+00
  -3.0450170e+00
   1.9868750e+00
   1.9350111e+00
  -1.9710743e+00
  -1.4441850e+00
   1.9789651e+00
   1.4685747e+00
  -2.6431397e+00
  -1.1461087e+00
   3.5971166e+00
  -7.2862184e-02
  -3.8104541e+00
   1.6743284e+00
   2.7495291e+00
  -2.5501285e+00
  -1.0097750e+00
   2.0971889e+00
  -2.2127553e-01
  -7.4176122e-01
   2.0134534e-01
  -5.2723580e-01
   8.6315105e-01
   1.0116685e+00
  -2.1818042e+00
  -7.1421664e-01
   3.0849369e+00
   8.4884335e-02
  -3.3819414e+00
   4.3592106e-01
   3.2502619e+00
  -6.2792039e-01
  -3.0062194e+00
   4.9807022e-01
   2.9559476e+00
  -2.8876070e-01
  -3.2059986e+00
   3.7913886e-01
   3.4768372e+00
  -9.1877368e-01
  -3.2709931e+00
   1.5364109e+00
   2.4061948e+00
  -1.6212122e+00
  -1.2999669e+00
   9.5237293e-01
   6.0317102e-01
   6.1026094e-02
  -6.0462686e-01
  -7.5515917e-01
   1.0185581e+00
   7.5716567e-01
  -1.2491546e+00
  -2.5551059e-01
   8.7720883e-01
  -1.6639948e-01
  -3.6300786e-02

