  -9.3000315e-02
  -4.7784886e+00
  -3.3781932e+00
   1.6433621e+00
   3.3763945e+00
   4.9754657e-01
  -1.7500489e+00
  -2.2242292e-01
   1.6461660e+00
   1.5410230e-01
  -2.2486919e+00
  -1.1924840e+00
   1.8855506e+00
   1.9951547e+00
  -8.9159316e-01
  -1.9449689e+00
   2.0540945e-01
   1.5731291e+00
  -1.2963444e-01
  -1.9998287e+00
  -8.2406485e-01
   2.2664587e+00
   3.3860426e+00
   5.4029998e-01
  -3.8245582e+00
  -4.8158824e+00
  -5.0506132e-01
   4.8569008e+00
   5.0739348e+00
  -1.7894699e-01
  -4.5495622e+00
  -3.2954013e+00
   8.1812868e-01
   2.2835984e+00
   5.1371769e-01
  -6.1411745e-01
   8.3083450e-01
   2.2083329e+00
   3.8929156e-01
  -3.3855600e+00
  -4.4499232e+00
  -7.0807355e-01
   4.2151300e+00
   5.2334310e+00
   1.6903636e+00
  -2.6826446e+00
  -4.4169420e+00
  -3.0697957e+00
  -1.5274658e-01
   2.6676931e+00
   4.0040789e+00
   2.8096125e+00
  -7.1964369e-01
  -4.2502331e+00
  -4.4629878e+00
  -4.1216968e-01
   4.4037693e+00
   4.8981307e+00
   1.3119430e-01
  -4.9165425e+00
  -4.5946811e+00
   8.5819049e-01
   5.4201731e+00
   4.1551549e+00
  -1.2557239e+00
  -4.8223710e+00
  -3.4326535e+00
   1.8623305e-01
   2.1791013e+00
   2.3889476e+00
   2.2794097e+00
   1.1609536e+00
  -1.7173981e+00
  -3.8155663e+00
  -2.3492843e+00
   1.0491165e+00
   2.4965302e+00
   1.2042860e+00
  -3.9618294e-01
  -4.6154324e-01
   6.4802370e-01
   1.3226520e+00
   7.2134131e-02
  -2.5488341e+00
  -3.3169065e+00
  -1.2033176e-01
   3.9096889e+00
   3.5487322e+00
  -9.9728879e-01
  -3.7757953e+00
  -1.4520816e+00
   2.2157983e+00
   2.4202612e+00
  -2.1528876e-01
  -2.0878366e+00
  -1.8777164e+00
  -3.2074630e-01
   1.8515055e+00
   2.9996114e+00
   1.0841332e+00
  -2.5280054e+00
  -3.4115265e+00
  -3.6193132e-01
   2.4586193e+00
   1.6743042e+00
  -7.4751297e-01
  -1.2221479e+00
   3.5851659e-01
   1.4306743e+00
   5.6514064e-01
  -1.2155534e+00
  -1.8965191e+00
  -5.8351513e-01
   1.3010234e+00
   1.4528861e+00
  -5.0337807e-02
  -6.0632441e-01
   5.7412854e-01
   7.4511392e-01
  -1.3981618e+00
  -2.4351990e+00
   2.5707982e-01
   3.1238499e+00
   1.6714987e+00
  -1.9024672e+00
  -2.2083878e+00
   5.4284234e-01
   1.5270907e+00
  -3.2045188e-01
  -1.1660031e+00
   6.4862388e-01
   1.9444961e+00
   1.8648149e-01
  -2.5040999e+00
  -2.5245158e+00
   4.0687894e-01
   3.1418707e+00
   2.8316964e+00
  -1.2004474e-01
  -2.6912689e+00
  -2.5102468e+00
  -2.2884401e-01
   1.5185077e+00
   1.2682245e+00
   2.0032417e-01
   3.9102534e-02
   3.5759220e-01
  -4.1501189e-01
  -1.7741744e+00
  -1.4231343e+00
   9.4613236e-01
   2.7262401e+00
   1.9816310e+00
  -2.7392099e-01
  -2.1038526e+00
  -2.7808361e+00
  -2.0787361e+00
   3.0536924e-01
   3.2934895e+00
   4.2303528e+00
   1.7415189e+00
  -2.2151430e+00
  -4.2560464e+00
  -2.9851014e+00
  -1.8758778e-02
   2.0016760e+00
   2.1193951e+00
   1.5544331e+00
   1.3348399e+00
   5.1377917e-01
  -1.7846479e+00
  -3.5788939e+00
  -2.0893145e+00
   1.5522375e+00
   3.0142198e+00
   8.7567665e-01
  -1.4002273e+00
  -7.9193601e-01
   1.2203209e+00
   1.5233031e+00
  -2.5423738e-01
  -1.9462798e+00
  -1.8709988e+00
  -2.9326717e-01
   1.3142341e+00
   1.6155484e+00
   5.5325712e-01
  -4.2419766e-01
  -3.5729665e-02
   7.2641744e-01
  -3.0000555e-01
  -2.6152129e+00
  -2.6381846e+00
   1.1200274e+00
   4.7079555e+00
   3.4248698e+00
  -1.5151544e+00
  -4.3807945e+00
  -2.6013251e+00
   5.1929987e-01
   1.4189622e+00
   1.0032172e+00
   1.6587415e+00
   2.3836936e+00
   4.1182915e-01
  -3.3375669e+00
  -4.3797596e+00
  -1.0436102e+00
   2.7221828e+00
   2.8039267e+00
   4.3516257e-01
  -2.4363065e-01
   1.5123140e+00
   1.9585080e+00
  -1.5675205e+00
  -5.8533041e+00
  -4.9649407e+00
   1.6401036e+00
   7.1788572e+00
   5.6561268e+00
  -6.4748192e-01
  -4.6020480e+00
  -3.2933352e+00
  -2.8439743e-01
   5.1924459e-01
  -2.5347845e-01
   2.2007943e-01
   2.1845965e+00
   3.0473784e+00
   1.0712456e+00
  -2.4987346e+00
  -4.7162164e+00
  -3.2376935e+00
   1.6077544e+00
   5.8584405e+00
   4.8385662e+00
  -1.1576488e+00
  -5.9500645e+00
  -4.4225456e+00
   1.1666819e+00
   4.2661060e+00
   2.3394063e+00
  -8.4305743e-01
  -1.2959351e+00
  -5.4900974e-02
  -3.7010533e-01
  -1.8818126e+00
  -1.1367592e+00
   2.3013519e+00
   4.0519125e+00
   9.9127881e-01
  -3.6808958e+00
  -4.3556383e+00
  -4.8480586e-01
   3.1574887e+00
   3.1337450e+00
   8.0478365e-01
  -1.0781204e+00
  -1.7842233e+00
  -1.6211926e+00
  -5.2626522e-01
   9.3696365e-01
   1.3829874e+00
   5.7373976e-01
  -1.8690651e-01
  -1.6218100e-01
   1.1155696e-01
   1.9537306e-01
  -3.7611799e-02
  -9.7149815e-01
  -2.1182294e+00
  -1.4835334e+00
   1.7322765e+00
   4.6972634e+00
   3.5872324e+00
  -1.3811866e+00
  -5.4500114e+00
  -4.5565253e+00
   4.3386882e-02
   3.4617665e+00
   2.9802811e+00
   6.5372221e-01
  -2.1977335e-01
   5.0304123e-01
   4.2806737e-01
  -1.4257942e+00
  -3.2478274e+00
  -2.8716117e+00
  -1.2151202e-01
   3.2410273e+00
   4.7765319e+00
   2.9997110e+00
  -8.3830176e-01
  -3.2614509e+00
  -2.7061519e+00
  -2.0032806e+00
  -3.5672103e+00
  -3.4715196e+00
   3.5938968e+00
   1.2792627e+01
   1.1294366e+01
  -3.2785514e+00
  -1.5624657e+01
  -1.2176935e+01
   5.2240787e-01
   7.0157559e+00
   4.8463604e+00
   3.1133861e+00
   4.6388960e+00
   2.9876027e+00
  -3.8358088e+00
  -8.3587453e+00
  -4.9495990e+00
   1.8076572e+00
   4.1447960e+00
   1.5862996e+00
  -2.7197521e-01
   1.0253131e+00
   1.9712149e+00
  -1.9533757e-01
  -2.7088638e+00
  -1.9361109e+00
   6.9140491e-01
   1.3896744e+00
   1.7647813e-01
  -3.5531181e-01
  -4.0762189e-01
  -1.5384186e+00
  -1.5332143e+00
   2.2911208e+00
   5.7279384e+00
   2.3456413e+00
  -4.5916498e+00
  -5.3447615e+00
   1.6803485e-01
   1.8059370e+00
  -2.7457870e+00
  -3.3116996e+00
   4.5286141e+00
   1.0297560e+01
   4.7659356e+00
  -6.0531308e+00
  -1.0342096e+01
  -5.6010217e+00
   1.6919830e+00
   5.5668707e+00
   4.9334737e+00
   1.9600859e+00
  -6.5639678e-01
  -1.7662076e+00
  -2.0026829e+00
  -1.9610936e+00
  -1.1628021e+00
   5.2115521e-01
   1.6603646e+00
   9.8296747e-01
  -1.9066544e-01
   6.0055508e-01
   2.5045696e+00
   1.2897922e+00
  -3.8978430e+00
  -6.7839687e+00
  -1.6274723e+00
   7.0700990e+00
   8.5530393e+00
   1.3575490e-01
  -6.2275484e-02
  -2.3442477e+00
  -3.5072109e+00
  -2.5075223e+00
   1.8722778e-01
   2.5417344e+00
   3.2005024e+00
   2.2244138e+00
  -2.2045144e-01
  -3.3243565e+00
  -4.2375848e+00
  -8.9162545e-01
   3.7607086e+00
   4.3946719e+00
   5.5081835e-01
  -2.8385019e+00
  -2.5515353e+00
  -5.8081522e-01
   2.5400476e-01
   2.8307264e-01
   9.6969130e-01
   1.8268176e+00
   1.3549758e+00
  -4.6637310e-01
  -2.1085661e+00
  -2.1690547e+00
  -4.7625435e-01
   1.6669794e+00
   2.1157696e+00
   3.8474859e-02
  -2.1989240e+00
  -1.1946798e+00
   2.3977232e+00
   3.4391693e+00
  -6.7600536e-01
  -5.1186491e+00
  -3.5294561e+00
   2.8371291e+00
   6.2814665e+00
   2.6654326e+00
  -3.7129604e+00
  -6.0314470e+00
  -2.6974060e+00
   2.2903643e+00
   4.7170786e+00
   3.7864882e+00
   9.7168142e-01
  -2.3498828e+00
  -4.7437309e+00
  -4.0047115e+00
   4.0480313e-01
   4.7162488e+00
   4.2231982e+00
  -2.7330371e-01
  -3.0503507e+00
  -1.4565576e+00
   7.3102501e-01
  -5.0606071e-02
  -1.4240272e+00
   2.0257148e-01
   2.6964932e+00
   1.4872659e+00
  -2.1624417e+00
  -2.5759338e+00
   9.8211136e-01
   2.9237102e+00
   3.1298086e-01
  -2.8077537e+00
  -2.0663442e+00
   1.0604036e+00
   2.2858833e+00
   6.9469338e-01
  -8.2429767e-01
  -2.2928246e-01
   9.7912228e-01
   3.2767605e-01
  -1.8367954e+00
  -2.5982521e+00
  -3.0036783e-01
   2.9995870e+00
   3.5554015e+00
   3.2098876e-01
  -3.4538451e+00
  -3.7509009e+00
  -3.4666420e-01
   3.2011248e+00
   3.6428519e+00
   1.0016890e+00
  -2.0512254e+00
  -2.8324394e+00
  -1.2011870e+00
   2.0443402e-01
  -5.1954654e-01
  -1.1527435e+00
   1.6996785e+00
   6.0829651e+00
   5.4228815e+00
  -2.1384997e+00
  -9.3070809e+00
  -8.1389358e+00
   4.6539959e-02
   6.9742553e+00
   7.2459798e+00
   2.4858750e+00
  -2.3667699e+00
  -3.8719229e+00
  -2.1340718e+00
   9.0144744e-02
   4.9511279e-01
  -3.3035867e-01
  -2.4311901e-01
   1.0314294e+00
   1.4670691e+00
   1.2990009e-01
  -9.3770997e-01
   1.6358525e-01
   1.6752272e+00
   4.2831864e-01
  -2.8743733e+00
  -3.7146998e+00
  -3.2959294e-02
   4.0955167e+00
   3.4366735e+00
  -8.7438620e-01
  -2.5359772e+00
   3.4035514e-01
   1.9765784e+00
  -1.4229673e+00
  -4.6236143e+00
  -1.6164187e+00
   4.3108027e+00
   5.3896045e+00
   6.2839971e-01
  -3.7319363e+00
  -3.2076311e+00
   7.8106859e-02
   1.5696412e+00
   2.9459081e-01
  -9.2432685e-01
  -3.6293055e-02
   1.6359286e+00
   1.6441575e+00
  -2.1385519e-01
  -1.7306497e+00
  -1.2690949e+00
  -4.3457858e-02
  -2.4195927e-01
  -1.0327166e+00
   7.3045276e-01
   4.3132432e+00
   3.7988146e+00
  -2.8972120e+00
  -8.0436301e+00
  -3.8555379e+00
   5.0145099e+00
   7.2188320e+00
   1.2076077e+00
  -3.5569782e+00
  -1.9253232e+00
   5.0861032e-01
  -1.1682758e+00
  -2.8057010e+00
   5.0968903e-01
   4.9361176e+00
   3.5721684e+00
  -2.3666078e+00
  -5.0439790e+00
  -1.4376703e+00
   2.8473849e+00
   2.2579252e+00
  -1.1038282e+00
  -1.6211426e+00
   1.1930662e+00
   2.5259280e+00
  -1.3838968e-01
  -3.4388254e+00
  -3.0151408e+00
   9.3652221e-01
   4.3186826e+00
   3.7265722e+00
  -4.7068731e-01
  -4.5670204e+00
  -4.6856203e+00
  -5.0234486e-01
   4.0434669e+00
   4.6400922e+00
   1.1749893e+00
  -2.4633605e+00
  -3.0134115e+00
  -1.0404889e+00
   7.5088231e-01
   9.0840847e-01
   5.7989355e-02
  -3.6316387e-01
   5.3080878e-01
   1.8072232e+00
   1.1647939e+00
  -1.6984440e+00
  -3.6146826e+00
  -1.9943790e+00
   1.6430293e+00
   3.9869129e+00
   3.4216926e+00
   3.7056198e-01
  -3.1225921e+00
  -4.1542866e+00
  -1.8724821e+00
   1.0354677e+00
   1.8093826e+00
   1.1919216e+00
   1.3763918e+00
   1.8591495e+00
   3.6625350e-01
  -2.4918442e+00
  -3.0557699e+00
  -2.0720791e-01
   2.1785450e+00
   6.7821435e-01
  -2.2563684e+00
  -1.5177521e+00
   2.9600611e+00
   5.1708213e+00
   9.5560650e-01
  -5.4494146e+00
  -6.0126093e+00
   2.8227714e-01
   5.5242981e+00
   3.6377561e+00
  -1.5595351e+00
  -2.9331346e+00
  -4.0824697e-01
   8.6399836e-01
  -3.0683003e-01
  -4.4707412e-01
   1.3042947e+00
   1.6933223e+00
  -4.9392586e-01
  -2.1795320e+00
  -1.1822867e+00
   5.1255541e-01
   5.3038010e-01
   1.2841647e-02
   1.0636197e+00
   2.3102873e+00
   7.0281449e-01
  -2.8037734e+00
  -3.5990153e+00
  -3.1657162e-01
   2.7952872e+00
   2.1986336e+00
  -1.8388124e-01
  -9.3596366e-01
  -2.3018398e-01
  -1.0950303e-01
  -6.6287646e-01
  -6.8804113e-01
  -7.6883233e-03
   8.9099268e-01
   1.6726631e+00
   1.4348736e+00
  -6.5019692e-01
  -3.0476957e+00
  -2.7676550e+00
   3.3702087e-01
   2.8556872e+00
   2.5401396e+00
   8.2417831e-01
  -4.8210655e-01
  -1.5966035e+00
  -2.4718609e+00
  -1.7046965e+00
   6.7595616e-01
   2.5635099e+00
   2.7913799e+00
   1.6968414e+00
  -8.7608454e-01
  -4.3248925e+00
  -5.1988466e+00
  -9.4378065e-01
   5.1022969e+00
   6.7761276e+00
   2.6445075e+00
  -2.8736724e+00
  -5.1761691e+00
  -3.5197509e+00
  -2.7325153e-01
   1.7009664e+00
   1.5246438e+00
   9.6814713e-01
   1.6397920e+00
   2.1585734e+00
   4.1187659e-01
  -2.4033602e+00
  -3.2105588e+00
  -1.7167288e+00
  -2.3800345e-01
   4.8497381e-01
   1.7934945e+00
   3.5218281e+00
   3.1249746e+00
  -5.9383230e-01
  -4.7357502e+00
  -4.8759341e+00
  -3.5204095e-01
   4.2649824e+00
   4.1500871e+00
  -1.0373496e-01
  -3.5346214e+00
  -2.9056212e+00
   4.3694346e-01
   3.2294951e+00
   3.3244320e+00
   5.7811136e-01
  -2.8362704e+00
  -3.7150025e+00
  -1.4874032e+00
   8.5585697e-01
   1.2209150e+00
   1.1734755e+00
   2.1538247e+00
   2.2625922e+00
  -1.7652337e-01
  -2.8423669e+00
  -2.7362720e+00
  -9.1857408e-01
  -2.2673598e-01
  -1.8705218e-01
   1.6733871e+00
   4.3859242e+00
   3.6892251e+00
  -1.5503954e+00
  -6.2888874e+00
  -4.9932026e+00
   1.0694731e+00
   5.0862561e+00
   3.1650842e+00
  -1.3732924e+00
  -2.9213775e+00
  -2.3062869e-01
   2.9210460e+00
   2.3147302e+00
  -1.7131467e+00
  -4.1060468e+00
  -1.5784452e+00
   2.2411962e+00
   2.0000189e+00
  -1.0359558e+00
  -1.3234752e+00
   1.7675305e+00
   3.1794719e+00
   3.5132365e-01
  -3.1556131e+00
  -3.1722768e+00
  -2.1841794e-01
   2.1958131e+00
   2.0877554e+00
   2.9263593e-01
  -1.3233752e+00
  -1.5948771e+00
  -5.1585220e-01
   1.1550339e+00
   2.3654696e+00
   1.9117669e+00
  -7.7308861e-01
  -3.9780980e+00
  -4.2385928e+00
  -3.2559623e-01
   4.4384256e+00
   5.6758657e+00
   2.6088476e+00
  -2.1081022e+00
  -5.3986979e+00
  -5.2718613e+00
  -1.5137889e+00
   3.4034507e+00
   5.6958201e+00
   3.8956635e+00
   3.1422084e-02
  -3.1980793e+00
  -4.5814178e+00
  -3.3691028e+00
   7.0471203e-01
   4.7755394e+00
   4.1495701e+00
  -9.6033477e-01
  -4.1787712e+00
  -1.6977672e+00
   2.2562425e+00
   2.1916054e+00
  -9.5111715e-01
  -2.5980144e+00
  -1.1954881e+00
   1.4849368e+00
   3.6303802e+00
   3.5681928e+00
  -6.1270086e-01
  -7.2290553e+00
  -8.7187262e+00
   3.4908339e-01
   1.2468272e+01
   1.2502236e+01
  -2.0532851e+00
  -1.4523763e+01
  -1.0315986e+01
   3.3263156e+00
   9.1181546e+00
   3.9627924e+00
  -1.2314007e+00
  -7.2255542e-01
   5.8502877e-01
  -9.9993184e-01
  -2.4846552e+00
  -1.5468938e+00
  -4.5041720e-01
  -5.0723432e-01
   6.4347465e-01
   3.5507586e+00
   4.1886688e+00
   1.8207596e-01
  -4.2750211e+00
  -3.7925856e+00
   5.4055979e-01
   2.7832068e+00
   5.0765215e-02
  -4.0976506e+00
  -3.6006545e+00
   3.3518179e+00
   1.0400031e+01
   8.0127650e+00
  -4.3126531e+00
  -1.4346963e+01
  -1.0979292e+01
   1.7440359e+00
   1.0537225e+01
   9.2844096e+00
   2.8841954e+00
  -2.3681866e+00
  -4.9571274e+00
  -5.2261998e+00
  -2.6604235e+00
   1.6776459e+00
   3.9297918e+00
   1.9592347e+00
  -1.1133390e+00
  -1.2235798e+00
   7.5162743e-01
   1.1894218e+00
  -1.8211456e-01
  -7.8439874e-01
  -2.7088151e-01
  -5.3494479e-01
  -1.3812157e+00
  -4.7205962e-01
   2.1226380e+00
   2.8696385e+00
  -2.6551372e-01
  -4.0307208e+00
  -3.4048906e+00
   1.6894339e+00
   5.6630340e+00
   3.9775812e+00
  -1.4595102e+00
  -5.0700149e+00
  -4.1835967e+00
  -8.2469052e-01
   1.9932344e+00
   3.1301483e+00
   2.6521705e+00
   9.0981395e-01
  -1.1028150e+00
  -2.1661094e+00
  -1.9774549e+00
  -9.3934558e-01
   6.2723863e-01
   2.0205916e+00
   1.9614002e+00
   2.1536994e-01

