  -3.5964435e-02
   8.6045553e+00
   8.0918510e+00
  -3.2301360e-02
  -6.3306471e+00
  -5.3973681e+00
  -7.5643464e-01
   2.0419859e+00
   2.1891742e+00
   1.7400655e+00
   1.1933172e+00
  -1.0483506e-01
  -1.4242299e+00
  -1.3564165e+00
  -2.6190100e-01
   2.1096881e-01
  -2.3314423e-01
  -3.5849126e-01
   2.6635050e-01
   7.2521299e-01
   6.3407187e-01
   6.7281315e-01
   8.3444259e-01
  -5.1421385e-02
  -2.0419912e+00
  -2.8886684e+00
  -8.5164199e-01
   2.3404299e+00
   3.4251631e+00
   1.7226186e+00
  -8.1822829e-01
  -2.5740932e+00
  -2.8301573e+00
  -9.9061021e-01
   2.0334533e+00
   3.3567518e+00
   1.4857624e+00
  -1.6336724e+00
  -3.2808060e+00
  -2.3687241e+00
   9.2578157e-01
   4.6218492e+00
   4.5363064e+00
  -1.0935626e+00
  -6.8355920e+00
  -5.2518234e+00
   2.4529456e+00
   6.6799702e+00
   2.3537798e+00
  -3.9293073e+00
  -3.4025022e+00
   2.5579361e+00
   4.9209319e+00
  -9.3186737e-02
  -6.1145934e+00
  -5.4484612e+00
   1.2113668e+00
   6.3131869e+00
   4.9129168e+00
  -2.0889520e-01
  -3.2680408e+00
  -2.7063885e+00
  -1.2836722e+00
  -7.3063161e-01
  -9.0439468e-02
   1.2312692e+00
   2.4029191e+00
   2.7103711e+00
   1.4492058e+00
  -1.9457616e+00
  -5.1325713e+00
  -3.7175122e+00
   1.8752998e+00
   4.9497871e+00
   1.9729210e+00
  -1.7338426e+00
  -6.0398937e-01
   2.2240276e+00
   6.3358758e-01
  -4.0397863e+00
  -5.0681903e+00
  -6.1785225e-01
   4.2290291e+00
   5.0806635e+00
   2.6462354e+00
  -5.1195543e-01
  -3.0452744e+00
  -3.9698475e+00
  -2.4627951e+00
   4.8017359e-01
   2.4645206e+00
   2.2546563e+00
   7.2975547e-01
  -3.8988052e-01
  -1.1483479e-01
   8.0970211e-01
   3.7061910e-01
  -2.1497864e+00
  -4.2473866e+00
  -2.4069940e+00
   3.2502039e+00
   7.6815430e+00
   5.5963139e+00
  -2.3767663e+00
  -9.2239934e+00
  -8.3137999e+00
  -3.8933615e-01
   7.2095959e+00
   8.2936007e+00
   3.5197415e+00
  -2.0297380e+00
  -4.9561822e+00
  -5.2098658e+00
  -3.1989130e+00
   9.6238580e-01
   4.8777408e+00
   4.6476013e+00
   3.7287856e-01
  -2.7246865e+00
  -1.4277887e+00
   8.9331802e-01
   5.2275064e-02
  -2.4064472e+00
  -2.3530610e+00
   3.9656436e-01
   2.6959307e+00
   2.9302684e+00
   1.7526599e+00
  -2.2144356e-01
  -2.3714522e+00
  -3.2246482e+00
  -2.0586154e+00
   9.3442894e-02
   2.1200289e+00
   3.2861311e+00
   2.2796437e+00
  -7.6845322e-01
  -2.5717750e+00
  -1.2024533e+00
   1.1287116e-01
  -1.3762781e+00
  -2.1325306e+00
   1.6682407e+00
   5.9082100e+00
   3.5294240e+00
  -4.1782542e+00
  -7.9987483e+00
  -2.6748159e+00
   6.1112311e+00
   8.2313407e+00
   1.0770741e+00
  -7.0263917e+00
  -6.7424357e+00
   6.7849233e-01
   5.5417002e+00
   2.9328915e+00
  -1.6909478e+00
  -1.8024731e+00
   1.1163436e+00
   1.8104359e+00
  -2.9065904e-01
  -2.1924947e+00
  -3.0107250e+00
  -2.7692513e+00
   6.0232164e-01
   6.5576841e+00
   8.1657963e+00
   7.3774000e-01
  -8.9305320e+00
  -9.9509380e+00
  -1.7815921e+00
   6.1181012e+00
   7.3125356e+00
   3.9958306e+00
   2.3604755e-01
  -3.4418910e+00
  -6.7078513e+00
  -6.0602336e+00
   5.6148289e-01
   8.1951976e+00
   8.9387671e+00
   1.5026292e+00
  -7.0096796e+00
  -9.0226346e+00
  -3.6347151e+00
   3.8103704e+00
   7.2331486e+00
   4.9103081e+00
  -1.2049160e-01
  -4.0887724e+00
  -5.2997600e+00
  -3.1444443e+00
   1.9092886e+00
   6.0616381e+00
   4.3328052e+00
  -2.4090330e+00
  -6.4957154e+00
  -2.7897664e+00
   4.1522960e+00
   5.6964071e+00
  -2.8857177e-02
  -5.9831447e+00
  -4.6408156e+00
   2.9948216e+00
   7.9077576e+00
   3.5701635e+00
  -5.2580789e+00
  -7.8283431e+00
  -1.5740470e+00
   4.6585282e+00
   3.7004235e+00
  -4.4556801e-01
  -8.1894660e-01
   1.4290168e+00
   8.7610664e-01
  -2.1492133e+00
  -2.7766313e+00
  -2.9393033e-01
   1.1461255e+00
  -6.0437165e-03
  -3.5257009e-01
   2.0331812e+00
   3.5620060e+00
   6.2821568e-01
  -3.9324489e+00
  -4.3048307e+00
  -2.6722367e-01
   2.7192222e+00
   1.8613243e+00
   6.5992757e-02
  -7.0579928e-02
   2.9072130e-01
   4.6296259e-02
   1.4790548e-02
  -2.2259096e-01
  -1.9832935e+00
  -3.0896834e+00
   1.8844919e-01
   5.4615972e+00
   5.1755421e+00
  -1.9632744e+00
  -7.1198808e+00
  -3.4276004e+00
   3.8036195e+00
   4.9733258e+00
  -7.6251424e-02
  -3.2487626e+00
  -8.9524210e-01
   1.9124050e+00
   4.1047210e-01
  -2.5830561e+00
  -1.5828960e+00
   2.8987945e+00
   4.8057411e+00
   8.1605319e-01
  -5.1297454e+00
  -6.2458993e+00
  -6.0303479e-01
   6.1443551e+00
   6.4765897e+00
  -4.3816784e-02
  -5.6866245e+00
  -4.2220364e+00
   1.2580186e+00
   3.3957326e+00
   6.3287228e-01
  -2.1231781e+00
  -1.2463132e+00
   1.5986364e+00
   2.8692252e+00
   1.2754379e+00
  -1.6629083e+00
  -3.2970055e+00
  -2.2312663e+00
   2.0454358e-01
   1.6397302e+00
   1.7688254e+00
   2.0259284e+00
   2.2678532e+00
   4.3779360e-01
  -3.5219051e+00
  -5.8260466e+00
  -3.0230484e+00
   2.9846382e+00
   6.3935449e+00
   4.1625349e+00
  -7.7752383e-01
  -3.6497086e+00
  -3.1433323e+00
  -1.3281198e+00
  -2.5992365e-03
   8.4838801e-01
   1.5060769e+00
   1.5062073e+00
   8.8383569e-01
   7.4066055e-01
   1.0112644e+00
  -6.4840675e-01
  -4.8132055e+00
  -6.5158179e+00
  -6.1138006e-01
   8.6640246e+00
   1.0118962e+01
   6.1683980e-01
  -8.9497508e+00
  -7.5916669e+00
   1.3423244e+00
   5.5201845e+00
   4.0401672e-01
  -5.2065417e+00
  -1.6642822e+00
   7.3051961e+00
   8.6337328e+00
  -1.4484045e+00
  -1.0776661e+01
  -7.7555791e+00
   3.0236553e+00
   8.3769785e+00
   4.0225826e+00
  -2.7293358e+00
  -4.4845317e+00
  -1.4114067e+00
   1.9740189e+00
   2.8083117e+00
   1.2726034e+00
  -1.2571902e+00
  -3.0896334e+00
  -2.3919509e+00
   8.3823083e-01
   3.3475070e+00
   2.0804919e+00
  -1.1981899e+00
  -2.0504851e+00
   2.0479792e-01
   1.9115463e+00
   7.0590738e-01
  -1.8023208e+00
  -2.8943645e+00
  -1.5663462e+00
   1.3011869e+00
   3.6998457e+00
   3.5776029e+00
   4.3246243e-01
  -3.6384271e+00
  -4.8877156e+00
  -1.3462212e+00
   3.9547754e+00
   5.0056358e+00
  -1.2625268e-01
  -5.7500157e+00
  -4.6729687e+00
   2.6270593e+00
   7.9225189e+00
   5.0786406e+00
  -2.8758908e+00
  -8.1308637e+00
  -6.7564040e+00
  -7.6450434e-01
   5.5590816e+00
   8.3144718e+00
   5.4151043e+00
  -1.2224888e+00
  -6.3342769e+00
  -6.5678123e+00
  -3.5242547e+00
  -8.9618556e-02
   1.2076177e-01
   5.1606765e+00
   2.6231607e+00
  -4.3827355e+00
  -6.0510767e+00
   5.7752163e-01
   6.9612379e+00
   4.4681749e+00
  -3.5111662e+00
  -6.1482882e+00
  -4.0022154e-01
   4.9921220e+00
   2.3789987e+00
  -4.1082332e+00
  -5.1041593e+00
   7.9487846e-01
   5.9977967e+00
   4.7707271e+00
  -2.8383818e-01
  -3.5993088e+00
  -3.9860088e+00
  -3.5608373e+00
  -2.1592439e+00
   2.3886820e+00
   8.1464015e+00
   8.2100310e+00
  -4.7715155e-01
  -1.0496450e+01
  -1.1102195e+01
  -1.2881206e+00
   8.6792349e+00
   9.4094342e+00
   2.4766212e+00
  -3.5083823e+00
  -4.1336688e+00
  -2.6036249e+00
  -2.3909985e+00
  -1.5587226e+00
   2.4851733e+00
   6.3270355e+00
   4.1422737e+00
  -3.0437033e+00
  -7.2347175e+00
  -3.5807999e+00
   3.7168878e+00
   6.9896658e+00
   3.3076494e+00
  -3.8013047e+00
  -8.0400565e+00
  -5.2332874e+00
   2.9318187e+00
   9.3766866e+00
   7.7937738e+00
  -6.5830118e-01
  -8.0236948e+00
  -7.9390661e+00
  -2.1495951e+00
   2.8706191e+00
   4.1141859e+00
   3.7100148e+00
   3.3781169e+00
   1.6437842e+00
  -2.4147517e+00
  -6.2030657e+00
  -6.2180013e+00
  -1.7956930e+00
   4.4175217e+00
   8.1720818e+00
   6.1074275e+00
  -1.0290378e+00
  -7.4369842e+00
  -7.1059034e+00
  -6.0818429e-01
   5.0159876e+00
   4.3251224e+00
  -4.8758196e-01
  -3.0222300e+00
  -5.4103823e-01
   3.2967318e+00
   3.1228319e+00
  -1.7117996e+00
  -5.9091596e+00
  -4.0974815e+00
   2.2693282e+00
   6.0330195e+00
   3.3334569e+00
  -1.5598195e+00
  -2.8350563e+00
  -1.0572305e+00
  -4.5158849e-01
  -1.2562295e+00
  -1.8036483e-01
   2.7125978e+00
   3.1576934e+00
  -3.6416553e-01
  -3.5092768e+00
  -2.3214657e+00
   1.0080454e+00
   1.9629806e+00
   4.9608083e-01
  -7.3691898e-02
   8.6221139e-01
   6.7042011e-01
  -1.4780426e+00
  -2.9592088e+00
  -1.6665622e+00
   1.2194894e+00
   3.2888469e+00
   3.4743358e+00
   1.6488812e+00
  -1.9649357e+00
  -5.3742778e+00
  -5.0433185e+00
  -5.1045714e-02
   5.3509354e+00
   5.9990610e+00
   1.8590479e+00
  -2.6321865e+00
  -4.2941002e+00
  -3.3840384e+00
  -9.5368746e-01
   2.3546622e+00
   4.6554664e+00
   3.2775227e+00
  -1.5722884e+00
  -5.4513025e+00
  -4.0591991e+00
   1.4428741e+00
   5.3889703e+00
   4.0215388e+00
  -8.1997472e-01
  -4.5034271e+00
  -4.2190452e+00
  -6.4928629e-01
   3.2910405e+00
   4.7772809e+00
   2.7714466e+00
  -1.5694804e+00
  -5.1582862e+00
  -4.5772356e+00
   2.1112984e-01
   4.3229187e+00
   3.2609284e+00
  -6.7235246e-01
  -1.3194042e+00
   1.8872488e+00
   2.6136858e+00
  -2.3882372e+00
  -7.1618479e+00
  -4.3891349e+00
   3.9833658e+00
   8.7134713e+00
   4.9155016e+00
  -2.5131720e+00
  -6.0416490e+00
  -4.3388427e+00
  -1.1643868e+00
   1.4293911e+00
   3.8874902e+00
   4.7189723e+00
   1.3762061e+00
  -3.9086875e+00
  -4.9357714e+00
  -1.8285939e-01
   3.9976568e+00
   1.7035296e+00
  -4.0599605e+00
  -4.8696709e+00
   1.7681585e+00
   8.2121002e+00
   6.0732518e+00
  -2.7457573e+00
  -8.5459198e+00
  -6.0597044e+00
   7.5266757e-01
   5.4595924e+00
   5.4270477e+00
   1.5480511e+00
  -3.2259962e+00
  -4.8440883e+00
  -1.6988713e+00
   2.6964965e+00
   3.6273978e+00
   1.1283616e+00
  -1.0633964e+00
  -1.5030923e+00
  -1.9391718e+00
  -2.4299195e+00
  -5.2179078e-01
   3.3044722e+00
   4.4556513e+00
   1.1829608e+00
  -2.1725607e+00
  -2.1726140e+00
  -1.2693017e+00
  -1.9227498e+00
  -1.6437658e+00
   1.4090740e+00
   3.9109345e+00
   3.0535782e+00
   8.0361911e-01
  -8.8305597e-01
  -2.7805761e+00
  -4.2040677e+00
  -2.6407867e+00
   1.0689642e+00
   3.1640313e+00
   3.0114997e+00
   3.0456479e+00
   2.7546500e+00
  -1.0995465e+00
  -7.1493982e+00
  -8.2243870e+00
  -8.1753622e-01
   8.1493709e+00
   8.7093119e+00
   6.8182435e-01
  -5.8733402e+00
  -4.0314229e+00
   1.2767287e+00
   1.7110794e+00
  -1.7517003e+00
  -1.5720443e+00
   2.8926660e+00
   3.7928613e+00
  -1.8455580e+00
  -6.0641882e+00
  -1.8461349e+00
   5.7792917e+00
   6.7157998e+00
  -1.4777253e-01
  -6.2589347e+00
  -5.2514668e+00
   1.3818110e-01
   3.4427650e+00
   2.5490053e+00
   4.1151795e-01
  -2.0264732e-01
   1.4078792e-01
  -1.5024868e-01
  -8.5496584e-01
  -1.0944707e+00
  -1.2098640e+00
  -1.2500527e+00
   2.7278079e-01
   3.3579088e+00
   4.4722350e+00
   9.3584599e-01
  -4.3235243e+00
  -5.7708714e+00
  -2.0717687e+00
   2.7488229e+00
   4.4193879e+00
   2.6187733e+00
  -2.1183545e-02
  -1.4788407e+00
  -1.8254373e+00
  -1.8281114e+00
  -1.4566489e+00
  -7.4031216e-02
   2.2321054e+00
   3.6125365e+00
   1.7962765e+00
  -2.3632270e+00
  -4.4202722e+00
  -1.7931731e+00
   2.2125033e+00
   2.8881545e+00
   6.1511836e-01
  -7.4853298e-01
  -1.3108194e-01
   2.2982798e-01
  -6.1373836e-01
  -1.2201404e+00
  -8.2031750e-01
  -1.5302470e-01
   5.3393912e-01
   1.5506352e+00
   1.9807014e+00
   4.8274269e-01
  -1.8875228e+00
  -2.3408703e+00
  -4.4976879e-01
   1.2153717e+00
   1.1192860e+00
   3.2385228e-01
  -2.4148501e-01
  -7.2456698e-01
  -6.7359935e-01
   4.1452269e-01
   1.3031849e+00
   4.6558857e-01
  -1.2100530e+00
  -1.3970027e+00
   2.5751916e-01
   1.6516795e+00
   1.3120207e+00
  -4.6114281e-02
  -1.4615807e+00
  -2.6431869e+00
  -2.2250501e+00
   1.3087028e+00
   5.4179204e+00
   4.5495438e+00
  -1.8180803e+00
  -6.5505476e+00
  -4.1224221e+00
   1.6649804e+00
   3.8182670e+00
   1.9451058e+00
   4.4422884e-01
   3.7555356e-01
  -6.6635171e-01
  -2.5812721e+00
  -2.4909785e+00
   1.2582285e-01
   2.4048148e+00
   2.2612989e+00
   6.5715878e-01
  -5.2407274e-01
  -9.3212895e-01
  -1.3732263e+00
  -1.7631312e+00
  -6.9107374e-01
   2.0978668e+00
   3.8024858e+00
   1.5505527e+00
  -2.7942108e+00
  -4.0547016e+00
  -8.9292968e-01
   2.1130725e+00
   1.3960487e+00
  -4.7439983e-01
   3.2570971e-01
   2.2481488e+00
   1.0126344e+00
  -2.8353215e+00
  -3.8996675e+00
   2.8482668e-02
   4.1858795e+00
   3.2206783e+00
  -1.6869134e+00
  -4.7035683e+00
  -2.5379172e+00
   2.3593761e+00
   4.9844307e+00
   2.9792814e+00
  -1.4504667e+00
  -4.4846128e+00
  -4.2519019e+00
  -9.0452517e-01
   4.0082066e+00
   6.4810865e+00
   2.5458409e+00
  -5.0967856e+00
  -7.7288692e+00
  -1.7610647e+00
   5.6663604e+00
   6.1879663e+00
   5.9981501e-01
  -4.0135418e+00
  -3.5616294e+00
  -7.4121912e-02
   2.0221274e+00
   7.8987173e-01
  -1.2083243e+00
  -2.1456345e-01
   2.8437523e+00
   2.6837628e+00
  -2.2115042e+00
  -5.9297692e+00
  -3.1436530e+00
   3.2017589e+00
   6.3102652e+00
   4.0334597e+00
  -7.8725398e-01
  -4.9173374e+00
  -6.0339932e+00
  -2.5727510e+00
   3.7350096e+00
   7.0680982e+00
   3.3971881e+00
  -3.4290005e+00
  -5.5286329e+00
  -1.1621414e+00
   3.1715794e+00
   2.0477930e+00
  -1.7247429e+00
  -2.0359258e+00
   1.4820445e+00
   3.3256289e+00
   3.4113673e-01
  -3.7812191e+00
  -3.7354987e+00
   4.2234917e-01
   4.1176065e+00
   4.2535216e+00
   1.3862595e+00
  -2.5917666e+00
  -5.5359241e+00
  -4.8841207e+00
   5.5174912e-02
   5.8019814e+00
   7.1978302e+00
   2.6173385e+00
  -4.0146021e+00
  -6.6131854e+00
  -3.0604626e+00
   2.0787987e+00
   2.8455204e+00
  -2.1946366e-01
  -1.0433376e+00
   2.3205670e+00
   4.1023228e+00
  -3.3755251e-02
  -5.3031241e+00
  -4.5104183e+00
   1.1620345e+00
   4.2361830e+00
   1.9466615e+00
  -1.0786130e+00
  -1.0435496e+00
   6.8115820e-02
  -4.3183976e-01
  -1.0392241e+00
   3.5327540e-01
   1.8082954e+00
   5.7929725e-01
  -1.6483487e+00
  -1.4209693e+00
   5.0578956e-01
   9.5350704e-01
   4.0803950e-01
   1.2707412e+00
   1.5235873e+00
  -2.1765164e+00
  -5.7727786e+00
  -1.7711803e+00
   6.8972512e+00
   7.8731380e+00
  -1.9833023e+00
  -9.8148474e+00
  -4.9005783e+00
   5.8512670e+00
   8.4534284e+00
   1.0225671e+00
  -6.0840805e+00
  -5.5675720e+00
  -4.9270711e-01
   3.0396656e+00
   3.5429948e+00
   2.5987631e+00
   7.0186146e-01
  -2.1095636e+00
  -4.0245102e+00
  -2.8800951e+00
   6.6297097e-01
   3.2429764e+00
   2.6344448e+00
   3.3299247e-01
  -8.4883276e-01
  -7.3831176e-01
  -1.1137387e+00
  -1.7183918e+00
  -4.4417658e-01
   2.1389478e+00
   2.4955115e+00
  -2.4927837e-01
  -2.3219738e+00
  -9.6746310e-01
   1.3317443e+00
   9.2007457e-01
  -1.2682661e+00
  -1.3461550e+00
   1.1376506e+00
   2.2891559e+00
   1.2351274e-01

