   1.7673337e-02
  -3.9489534e+00
   3.6091434e+00
   1.1114914e+00
  -4.5963321e+00
   2.2053368e+00
   2.5997952e+00
  -3.4423131e+00
   3.2623969e-01
   2.0446345e+00
  -1.7674117e+00
   3.5381441e-01
   1.0142012e+00
  -1.6610083e+00
   6.7365745e-01
   1.1754805e+00
  -1.5613427e+00
   1.2770995e-01
   1.0609784e+00
  -8.9616971e-01
   7.0059534e-02
   7.5902651e-01
  -9.1896793e-01
  -3.1656342e-01
   1.4672912e+00
  -1.6020511e-02
  -2.2422354e+00
   6.9991508e-01
   3.1507407e+00
  -2.3259821e+00
  -3.2057766e+00
   4.4405419e+00
   1.6789933e+00
  -5.6485403e+00
   7.7961788e-01
   5.0565306e+00
  -2.6003375e+00
  -3.2936451e+00
   2.8638508e+00
   1.8259243e+00
  -2.0925037e+00
  -1.4375186e+00
   1.4212812e+00
   1.6875664e+00
  -1.3316021e+00
  -1.7412534e+00
   1.4253107e+00
   1.3323417e+00
  -1.1700533e+00
  -8.4472620e-01
   5.2849402e-01
   7.8527881e-01
   2.2311720e-02
  -1.3018074e+00
   1.5914694e-01
   1.9651513e+00
  -1.3496351e+00
  -1.9701971e+00
   3.0364223e+00
   8.4058026e-01
  -4.1936139e+00
   1.0012986e+00
   4.2236088e+00
  -2.6186303e+00
  -3.4862452e+00
   3.5375479e+00
   2.7264808e+00
  -4.0810206e+00
  -2.1790000e+00
   4.7052349e+00
   1.4746973e+00
  -5.2945606e+00
  -3.1586329e-01
   5.2642184e+00
  -9.9026847e-01
  -4.2419093e+00
   1.6939716e+00
   2.5719724e+00
  -1.2514958e+00
  -1.1891352e+00
  -1.0458511e-01
   9.2387896e-01
   1.4078950e+00
  -1.7739771e+00
  -1.7286903e+00
   2.8911296e+00
   9.7517822e-01
  -3.4100865e+00
   2.0035751e-01
   3.1703973e+00
  -1.2174804e+00
  -2.4823689e+00
   1.9514110e+00
   1.5044637e+00
  -2.3185662e+00
  -2.8244808e-01
   2.0093423e+00
  -7.7825449e-01
  -9.6375372e-01
   1.0416515e+00
  -1.8629324e-01
  -3.9302457e-01
   5.7873997e-01
  -4.5764755e-01
  -4.5313838e-02
   6.7344938e-01
  -6.6561610e-01
  -2.3034535e-01
   7.2834101e-01
  -2.7225505e-02
  -2.3951773e-01
  -6.3616413e-01
   1.9591983e-01
   1.8895549e+00
  -1.3668208e+00
  -2.5212587e+00
   3.2870911e+00
   1.6696299e+00
  -4.5418792e+00
   1.7826705e-01
   4.1244090e+00
  -1.5148557e+00
  -2.4928137e+00
   1.2090429e+00
   1.2389292e+00
   3.9544111e-01
  -1.6723041e+00
  -1.7477738e+00
   3.6692664e+00
   1.4260993e+00
  -5.8115100e+00
   7.0856630e-01
   6.5973770e+00
  -3.4961858e+00
  -5.6125289e+00
   5.5128497e+00
   3.6805238e+00
  -6.2067739e+00
  -1.9405279e+00
   6.1194865e+00
   7.6642821e-01
  -6.0217026e+00
   3.9110896e-01
   5.9033574e+00
  -2.0720867e+00
  -4.9944616e+00
   3.8429504e+00
   2.8825009e+00
  -4.5337945e+00
  -4.1158385e-01
   3.5590539e+00
  -8.7243490e-01
  -1.7812103e+00
   2.6980978e-01
   7.5923522e-01
   1.3259851e+00
  -1.1510320e+00
  -2.4565488e+00
   2.1908873e+00
   2.6867454e+00
  -2.9011483e+00
  -2.7370014e+00
   3.3958446e+00
   3.0539299e+00
  -4.4514369e+00
  -2.8940056e+00
   5.9611088e+00
   1.2953651e+00
  -6.5411906e+00
   1.3525243e+00
   5.0107924e+00
  -3.3242678e+00
  -1.8819779e+00
   3.2663843e+00
  -1.0741333e+00
  -1.4689728e+00
   2.5828762e+00
  -7.9869731e-01
  -2.6678522e+00
   2.7266579e+00
   1.7785199e+00
  -4.1528811e+00
   1.3053143e-02
   4.6900190e+00
  -2.4288023e+00
  -3.7164894e+00
   4.3002554e+00
   1.5391617e+00
  -4.4886626e+00
   3.1165984e-01
   3.4121927e+00
  -6.8770390e-01
  -2.7252269e+00
   2.7261341e-01
   3.2078532e+00
  -6.2761630e-01
  -3.7558309e+00
   1.9888540e+00
   3.0138282e+00
  -2.9316410e+00
  -1.4206950e+00
   2.4485539e+00
   7.4174714e-01
  -1.5221019e+00
  -1.6680719e+00
   1.9289600e+00
   2.7842826e+00
  -3.8752674e+00
  -2.2929808e+00
   5.6252252e+00
   1.8027571e-01
  -5.5158346e+00
   1.8736688e+00
   3.7275463e+00
  -2.4879143e+00
  -1.7932440e+00
   1.9267707e+00
   7.5710073e-01
  -1.3997813e+00
  -2.7332403e-01
   1.5023632e+00
  -5.5907513e-01
  -1.7275773e+00
   1.9518519e+00
   1.3432010e+00
  -3.2802397e+00
  -2.9079203e-01
   3.9171808e+00
  -9.2146796e-01
  -3.7942141e+00
   1.8528446e+00
   3.1522330e+00
  -2.3016515e+00
  -2.2184416e+00
   2.0677718e+00
   1.3715288e+00
  -1.0841057e+00
  -1.2145937e+00
  -1.4140896e-01
   2.0064602e+00
   6.7494325e-01
  -3.1175271e+00
  -4.0201353e-02
   3.4304172e+00
  -1.1989579e+00
  -2.3773001e+00
   1.9096692e+00
   4.6160546e-01
  -1.3748678e+00
   1.2074815e+00
  -2.2622097e-01
  -1.7364201e+00
   2.0871648e+00
   9.0010802e-01
  -3.3058622e+00
   8.3431700e-01
   3.3370147e+00
  -2.5370816e+00
  -2.3224048e+00
   3.3453808e+00
   1.0627043e+00
  -3.1119201e+00
  -3.9264197e-01
   2.5079117e+00
   4.2335927e-01
  -2.2938218e+00
  -5.3143808e-01
   2.5333029e+00
   1.6004647e-01
  -2.6968020e+00
   5.7775505e-01
   2.4245298e+00
  -1.2117724e+00
  -1.8614125e+00
   1.5545219e+00
   1.2270322e+00
  -1.7110866e+00
  -4.4996493e-01
   1.5854931e+00
  -5.0534992e-01
  -8.2822355e-01
   1.1718630e+00
  -5.2963171e-01
  -8.6052788e-01
   1.6657757e+00
  -4.5596320e-01
  -1.5775646e+00
   1.7761184e+00
   2.0649596e-01
  -1.9091415e+00
   1.2539870e+00
   7.9849228e-01
  -1.4720406e+00
   1.8289769e-01
   5.2855164e-01
   3.9183748e-01
  -1.2903390e-01
  -2.2131052e+00
   1.8627162e+00
   3.1500997e+00
  -5.2002441e+00
  -1.3171723e+00
   7.6046543e+00
  -2.8890274e+00
  -6.8081572e+00
   7.0455326e+00
   2.7677316e+00
  -8.7739519e+00
   2.5449147e+00
   7.3492619e+00
  -6.7496296e+00
  -3.7342162e+00
   8.3667986e+00
  -2.8948928e-01
  -7.2835225e+00
   3.0773158e+00
   4.6108386e+00
  -3.9244379e+00
  -1.9421819e+00
   3.3610848e+00
   2.4616005e-01
  -2.5133767e+00
   6.6972920e-01
   1.9990127e+00
  -1.5471484e+00
  -1.5191451e+00
   2.6690085e+00
   4.8736350e-01
  -3.5914950e+00
   1.2028423e+00
   3.6810727e+00
  -3.0859468e+00
  -2.6425974e+00
   4.4861433e+00
   6.2501969e-01
  -4.7731594e+00
   1.7866333e+00
   3.5700917e+00
  -3.5830454e+00
  -1.1720873e+00
   3.7793756e+00
  -1.2626517e+00
  -2.2735120e+00
   2.3777223e+00
   1.5878834e-01
  -1.7171041e+00
   1.1136358e+00
   5.8007500e-02
  -9.0904078e-01
   1.3835604e+00
  -3.0853818e-01
  -1.9142777e+00
   1.6414981e+00
   1.5862934e+00
  -2.4527773e+00
  -8.6495549e-01
   2.5864199e+00
   2.9015934e-01
  -2.3242579e+00
  -1.7241291e-01
   2.1697224e+00
   3.2801015e-01
  -2.3682406e+00
  -2.8507494e-01
   2.6119805e+00
  -5.8291872e-02
   1.3647431e-03
   3.4945738e+00
  -1.2058485e+00
  -2.4651431e+00
   1.2175310e+00
   1.7998359e+00
  -5.0458242e-01
  -2.3308811e+00
   5.0058990e-01
   3.2081750e+00
  -1.6296064e+00
  -3.0884585e+00
   2.8045956e+00
   1.8494571e+00
  -2.8887673e+00
  -5.7190958e-01
   1.9838484e+00
   1.3590691e-01
  -1.0482884e+00
  -3.8937493e-01
   7.2451200e-01
   6.1288512e-01
  -8.5866162e-01
  -3.3647141e-01
   8.5170851e-01
  -3.0916820e-01
  -1.9927445e-01
   6.7981481e-01
  -1.0296432e+00
  -1.0303737e-01
   2.0254694e+00
  -1.3379995e+00
  -1.8936860e+00
   2.5875983e+00
   7.2692538e-01
  -2.6329448e+00
   3.3747749e-01
   1.7053782e+00
  -4.2609419e-01
  -1.0084721e+00
  -3.7192345e-02
   1.2276845e+00
  -4.1539940e-02
  -1.7662924e+00
   1.0081039e+00
   1.6055422e+00
  -2.0738528e+00
  -5.8017211e-01
   2.3093007e+00
  -4.8497057e-01
  -1.6765084e+00
   7.9262736e-01
   8.8807966e-01
  -3.7352601e-01
  -4.5047914e-01
  -2.7315077e-01
   2.4383660e-01
   9.9921666e-01
  -1.1104293e-01
  -2.0167959e+00
   4.1674338e-01
   3.1340077e+00
  -1.6016952e+00
  -3.4808012e+00
   3.2922015e+00
   2.3426065e+00
  -4.2856769e+00
  -1.3459113e-01
   3.6428211e+00
  -1.7631363e+00
  -1.6601569e+00
   2.2060001e+00
  -3.8468191e-01
  -1.2054559e+00
   1.3582575e+00
  -2.8866664e-01
  -1.0693656e+00
   1.3062660e+00
   1.4744079e-01
  -1.5349941e+00
   6.4434726e-01
   1.3157201e+00
  -1.0103449e+00
  -1.1387087e+00
   1.2129651e+00
   1.1062704e+00
  -1.6049040e+00
  -8.7242582e-01
   2.0478484e+00
   2.4098282e-01
  -1.9970333e+00
   2.5823031e-01
   1.3918624e+00
   1.5264729e-01
  -1.1548951e+00
  -1.2579323e+00
   2.1889119e+00
   1.6377747e+00
  -3.9115947e+00
  -2.6452383e-01
   4.5411741e+00
  -2.0029603e+00
  -3.1619961e+00
   3.2339050e+00
   8.7961121e-01
  -2.6466549e+00
   5.5179019e-01
   1.2597190e+00
  -6.8747708e-01
  -3.0041513e-01
   3.5280557e-01
  -1.5482729e-01
  -1.1241562e-01
   6.1813775e-01
  -3.7486536e-01
  -9.6324869e-01
   1.4727598e+00
   3.3826158e-01
  -2.6000142e+00
   1.7995730e+00
   2.3782252e+00
  -4.7219395e+00
   2.2934007e-01
   6.4705332e+00
  -4.6588279e+00
  -5.1435371e+00
   8.4860525e+00
   7.3428254e-01
  -8.9448291e+00
   4.2004896e+00
   5.4115003e+00
  -6.3344688e+00
  -3.6724958e-01
   4.5680521e+00
  -2.7046600e+00
  -1.0263730e+00
   2.5619527e+00
  -1.2902520e+00
  -9.4799671e-01
   1.5371008e+00
   9.7223546e-02
  -1.2036893e+00
  -2.8027050e-01
   1.6746135e+00
   2.7277156e-01
  -2.6549195e+00
   5.3812327e-01
   3.1825445e+00
  -1.5400363e+00
  -3.1459378e+00
   2.1319484e+00
   3.0678708e+00
  -2.4900066e+00
  -3.0045527e+00
   2.8437156e+00
   2.5697763e+00
  -2.8389543e+00
  -1.8758777e+00
   2.1923254e+00
   1.5720586e+00
  -1.4431551e+00
  -1.7829384e+00
   1.3520953e+00
   1.7363478e+00
  -1.7843222e+00
  -8.0488238e-01
   1.8327072e+00
  -5.8456634e-01
  -1.0031946e+00
   1.4519000e+00
  -2.1610249e-01
  -1.3632016e+00
   9.8975305e-01
   7.4608855e-01
  -9.9356947e-01
  -3.1651672e-01
   6.0726004e-01
   3.9967997e-01
  -4.7275585e-01
  -6.8305615e-01
   8.5026882e-01
   5.3928738e-01
  -1.2550372e+00
   2.3410093e-01
   8.4443499e-01
  -9.2832519e-01
   5.8496905e-01
   4.2952891e-01
  -2.0434890e+00
   1.5962235e+00
   2.0443867e+00
  -4.1221235e+00
   8.1564758e-02
   5.4482593e+00
  -3.5689668e+00
  -4.4178172e+00
   6.7002987e+00
   1.1274862e+00
  -7.7602954e+00
   3.0650984e+00
   5.9357502e+00
  -6.0531329e+00
  -2.0152893e+00
   6.1413831e+00
  -1.7019089e+00
  -3.4822869e+00
   2.9578220e+00
   2.5609092e-01
  -1.5203393e+00
   1.2199431e+00
  -6.9857602e-01
  -6.1678492e-01
   1.7614485e+00
  -5.6657965e-01
  -1.5290712e+00
   1.0953454e+00
   1.0893575e+00
  -1.2250253e+00
  -9.3294143e-01
   1.7282467e+00
   4.6642154e-01
  -2.4734767e+00
   7.4447617e-01
   2.6219515e+00
  -2.0707076e+00
  -1.9424063e+00
   2.5862737e+00
   1.2079726e+00
  -2.3072455e+00
  -1.1353366e+00
   2.1292600e+00
   1.3977820e+00
  -2.5901298e+00
  -1.0427502e+00
   3.1150818e+00
  -2.5243468e-01
  -2.6907698e+00
   1.6765500e+00
   1.1136594e+00
  -2.1487762e+00
   7.0682388e-01
   1.5071954e+00
  -1.7406282e+00
  -6.1054288e-01
   1.9129382e+00
   2.7242272e-01
  -1.9894073e+00
  -3.5500276e-01
   2.4880477e+00
   1.1228706e-01
  -3.0153204e+00
   7.1176642e-01
   2.8497843e+00
  -1.4761556e+00
  -1.9800349e+00
   1.4526610e+00
   1.2008325e+00
  -7.4291869e-01
  -1.1591093e+00
   7.9635928e-02
   1.6805652e+00
   1.1251982e-01
  -2.2179838e+00
  -5.2226223e-02
   2.6408701e+00
  -2.0983528e-03
  -3.2408810e+00
   2.9471363e-01
   4.0549579e+00
  -1.2714844e+00
  -4.5244099e+00
   2.8616295e+00
   4.0030084e+00
  -4.2913855e+00
  -2.5353825e+00
   4.7432331e+00
   9.5979413e-01
  -4.1823198e+00
  -1.1557798e-01
   3.3850692e+00
   1.5702436e-02
  -3.0903059e+00
   3.5735052e-02
   3.2834957e+00
  -5.8244146e-01
  -3.4057010e+00
   1.5074670e+00
   3.0607422e+00
  -2.3381876e+00
  -2.3336193e+00
   2.7882651e+00
   1.5256604e+00
  -2.9212324e+00
  -7.7161058e-01
   2.9078097e+00
  -3.2004680e-02
  -2.7268521e+00
   9.6446474e-01
   2.1701894e+00
  -1.8217244e+00
  -1.1871504e+00
   2.2343683e+00
   1.4565352e-01
  -2.1239993e+00
   4.4871912e-01
   1.9395151e+00
  -5.8917652e-01
  -2.1968429e+00
   9.3223257e-01
   2.7177162e+00
  -2.0361533e+00
  -2.6196499e+00
   3.4579414e+00
   1.3730508e+00
  -4.0093467e+00
   2.9846556e-01
   3.1527757e+00
  -1.0434416e+00
  -1.7978299e+00
   4.5875936e-01
   1.2913072e+00
   4.2625607e-01
  -1.8407590e+00
  -4.2706781e-01
   2.4251575e+00
  -4.8589725e-01
  -2.1358235e+00
   1.4700462e+00
   1.0211543e+00
  -1.9572394e+00
   4.6855935e-01
   1.9063840e+00
  -2.1897869e+00
  -1.0841301e+00
   3.9156277e+00
  -1.0524833e+00
  -4.6263117e+00
   4.2935070e+00
   3.0692085e+00
  -6.9953309e+00
   6.5971924e-01
   7.2162833e+00
  -4.5738502e+00
  -4.6617360e+00
   6.3408544e+00
   1.1289244e+00
  -5.3361816e+00
   1.1429619e+00
   2.9531751e+00
  -1.3484396e+00
  -1.0633289e+00
   3.1695918e-01
   5.1515273e-01
   6.8920254e-01
  -1.0051713e+00
  -9.7737934e-01
   1.8206665e+00
   5.0709760e-01
  -2.3914654e+00
   4.1268955e-01
   2.4531572e+00
  -1.3608768e+00
  -2.0941002e+00
   2.0705060e+00
   1.5882372e+00
  -2.5974132e+00
  -9.9040180e-01
   3.0337006e+00
   6.5408959e-02
  -3.0662080e+00
   1.1419016e+00
   2.1810211e+00
  -1.8611137e+00
  -5.0014523e-01
   1.1533870e+00
  -8.4439479e-01
   9.5975767e-01
   5.2499873e-01
  -3.1498728e+00
   1.7002726e+00
   3.7590926e+00
  -4.5911212e+00
  -2.1571249e+00
   6.3136211e+00
  -7.7004652e-01
  -5.7594896e+00
   3.2675026e+00
   3.2878404e+00
  -3.9207369e+00
  -4.7257364e-01
   2.6933517e+00
  -1.1001408e+00
  -9.9026009e-01
   1.2746170e+00
   2.9791285e-01
  -1.5257373e+00
  -4.5897999e-01
   3.2328590e+00
  -3.0692358e-01
  -5.7518493e+00
   3.2414011e+00
   6.7672190e+00
  -7.1968175e+00
  -4.7895109e+00
   9.4518981e+00
   9.5246240e-01
  -8.4008503e+00
   1.9783703e+00
   5.1480769e+00
  -2.3214198e+00
  -2.2628128e+00
   9.1806954e-01
   1.1200409e+00
   2.6971030e-01
  -9.0123226e-01
  -5.4535967e-01
   2.3863996e-01
   8.7454808e-01
   8.7733683e-01
  -2.1775629e+00
  -1.2981756e+00
   4.0756222e+00
   2.7679466e-01
  -5.4714724e+00
   1.8306282e+00
   5.7000600e+00
  -4.1785938e+00
  -4.7607372e+00
   6.0889578e+00
   2.8654211e+00
  -7.0267878e+00
  -3.0698050e-01
   6.4722573e+00
  -2.2316156e+00
  -4.2794897e+00
   3.6915101e+00
   1.1339480e+00
  -3.3391329e+00
   1.6593463e+00
   1.4457390e+00
  -3.0438950e+00
   8.9702739e-01
   2.8804552e+00
  -2.6334284e+00
  -1.7968000e+00
   3.3685789e+00
   5.1923369e-01
  -3.2855936e+00
   5.8526211e-01
   2.6676164e+00
  -1.4186592e+00
  -1.6306448e+00
   1.8150004e+00
   3.4018352e-01
  -1.5253419e+00
   6.8653229e-01
   6.6098225e-01
  -8.5302097e-01
   6.0359666e-02
   2.0986149e-01
   9.5485601e-02
   3.8573076e-01
  -1.0101744e+00
  -1.3367615e-01
   1.7749664e+00
  -8.3321309e-01
  -1.7066802e+00
   1.7000465e+00
   1.0023182e+00
  -1.9393248e+00
  -3.0463868e-01
   1.7051728e+00
  -3.4694446e-02
  -1.3909607e+00
   7.3234728e-02
   1.2031643e+00
   3.3508181e-02

